data/raw/spatialecon-gecon-v4-gis-ascii/GIS data ASCII/MER2000/mer2000sum.asc
ncols         360
nrows         140
xllcorner     -180.0
yllcorner     -56.0
cellsize      1
NODATA_value  -9999
[rows 62 to 92 of 140, columns 140 to 209 of 360]
-9999 -9999 -9999 -9999 -9999 -9999 -9999 -9999 -9999 -9999 -9999 -9999 -9999 -9999 -9999 -9999 -9999 -9999 -9999 -9999 -9999 -9999 0.0001428593 0.0131292 0.01108319 0.0090246 0.004767338 0.002243222 0.0002289611 0.0002489375 0.0002713024 0.0002710923 0.0002964574 0.000451483 0.0006592236 0.0008549363 0.0008549363 0.0008549363 0.0008549363 0.001241499 0.007435066 0.0142047 0.006260102 0.004816191 0.004816191 0.004816191 0.004710461 0.004573336 0.003531916 0.002165648 0.002051633 8.296773e-005 8.464633e-005 8.464633e-005 8.464633e-005 0.0003341935 0.0004373819 0.0004373819 0.0004373819 0.001351223 0.003414467 0.004548197 0.004548463 0.004548463 0.004548463 0.001941549 0.001941529 0.001941529 0.001941529 0.001941533
-9999 -9999 -9999 -9999 -9999 -9999 -9999 -9999 -9999 -9999 -9999 -9999 -9999 -9999 -9999 -9999 -9999 -9999 -9999 -9999 -9999 -9999 0.000312818 0.01614163 0.01075951 0.003181346 0.00725793 0.002235372 0.0002735594 0.0002732799 0.0002729182 0.0002729182 0.0003864582 0.0004607627 0.0004483356 0.001069888 0.000860693 0.0008607148 0.00113423 0.0009096733 0.0008482907 0.006423061 0.006348096 0.004848627 0.004848627 0.004848627 0.004453324 0.002526814 0.002092574 0.001997876 0.002091356 8.61828e-005 8.521565e-005 8.521565e-005 8.521565e-005 0.0001657841 0.0004403272 0.0004403272 0.0004403272 0.0004403272 0.0004403272 0.001366548 0.00346539 0.004584362 0.004579084 0.002085876 0.002001548 0.001954608 0.001954608 0.001954608
-9999 -9999 -9999 -9999 -9999 -9999 -9999 -9999 -9999 -9999 -9999 -9999 -9999 -9999 -9999 -9999 -9999 -9999 -9999 -9999 -9999 -9999 -9999 0.004357659 0.001789464 0.002827139 0.003878123 0.002362423 0.002573828 0.0001777095 0.0001731675 0.0002136911 0.0004598821 0.0004642938 0.0004347941 0.001406921 0.00103863 0.0006397841 0.0007283467 0.0008521404 0.0008360008 0.0008536586 0.0008904584 0.004076295 0.004756182 0.004604545 0.002178429 0.002024991 0.00210926 0.002109857 0.002109857 8.947903e-005 0.0008312732 0.001066403 8.575901e-005 0.0001968016 0.0004431371 0.0004431371 0.0004431371 0.0004431371 0.0004431371 0.0004431371 0.0004431371 0.001459424 0.008322764 0.008322764 0.007206754 0.007686244 0.01027571 0.01024653
-9999 -9999 -9999 -9999 -9999 -9999 -9999 -9999 -9999 -9999 -9999 -9999 -9999 -9999 -9999 -9999 -9999 -9999 -9999 -9999 -9999 -9999 -9999 0.08422383 0.3067802 0.005786796 0.006772461 0.008755903 0.006243057 0.0002225145 0.0001395216 0.0003309805 0.0004670932 0.0004670932 0.0004405341 0.003805793 0.001555104 0.0006083158 0.0005567443 0.001642656 0.001505087 0.0008625335 0.0009157396 0.0009054894 0.002874703 0.00429834 0.001776834 0.002003276 0.002122631 0.002122563 0.002124117 9.388341e-005 0.001220284 0.001690652 8.905672e-005 0.0002403569 0.0004458125 0.0004458125 0.000400227 0.0004290567 0.0004458125 0.0004367302 0.0004458125 0.0004458125 0.008373359 0.008373359 0.006833027 0.00995056 0.01592 0.01592
-9999 -9999 -9999 -9999 -9999 -9999 -9999 -9999 -9999 -9999 -9999 -9999 -9999 -9999 0.05024465 0.00138806 -9999 -9999 -9999 -9999 -9999 -9999 -9999 0.0133265 0.08372441 0.01078467 0.0147046 0.01521939 0.01631052 0.004782917 0.004036446 0.002262523 0.000483076 0.0004697517 0.0004696038 0.00360922 0.004263907 0.00137301 0.005275175 0.005522273 0.004944844 0.002914832 0.002013349 0.001986101 0.002575278 0.00374274 0.003130827 0.003830788 0.004261491 0.004305833 0.004283008 0.0003921832 0.0002504711 0.0003124071 0.000313103 0.0003761381 0.0004445372 0.0004071457 0.0003794677 0.0004301793 0.0004473061 0.0004380153 0.0004381787 0.0004483503 0.008420775 0.007898593 0.0060063 0.0100475 0.01601071 0.01601071
-9999 -9999 -9999 -9999 -9999 -9999 -9999 -9999 -9999 -9999 -9999 -9999 -9999 -9999 0.04197681 0.08683512 -9999 0.02630184 -9999 -9999 -9999 -9999 -9999 0.09950368 0.101081 0.0894461 0.0652884 0.04575057 0.04495865 0.02001072 0.01725389 0.0263013 0.02312274 0.01229995 0.005238974 0.007061095 0.07312823 0.01251916 0.01183687 0.02400678 0.03317052 0.004822524 0.002010317 0.001935334 0.002619446 0.002878492 0.003841837 0.003900874 0.004203332 0.003602628 0.001672949 0.001117637 0.0003145005 0.0003145005 0.0005880666 0.003116965 0.001762475 0.0004498708 0.0003651249 0.0005331241 0.0004304783 0.0004313063 0.0004473502 0.0004458071 0.007957563 0.006833204 0.007416161 0.0142582 0.01687371 0.01707068
-9999 -9999 -9999 -9999 -9999 -9999 -9999 -9999 -9999 -9999 -9999 -9999 -9999 -9999 -9999 0.006052125 0.2557224 0.0003555859 -9999 -9999 -9999 -9999 0.002600975 0.3990468 0.1148183 0.06450609 0.0749196 0.07735413 0.0349267 0.03570462 0.05377955 0.03085208 0.02669643 0.0237502 0.007768264 0.03133726 0.04953307 0.01865142 0.01215426 0.007250612 0.01158142 0.01024487 0.01117846 0.0197947 0.007172118 0.00989058 0.004666185 0.003798642 0.00511203 0.003338665 0.001108351 0.001013794 0.0003015024 0.0003726501 0.003470073 0.004455654 0.004455654 0.003881977 0.00359813 0.006982885 0.004486465 0.006583665 0.006456542 0.00623111 0.008223463 0.007268304 0.006457967 0.01322882 0.01338498 0.01338498
-9999 -9999 -9999 -9999 -9999 -9999 -9999 -9999 -9999 -9999 -9999 -9999 -9999 -9999 -9999 0.05605338 0.08563259 -9999 -9999 -9999 -9999 -9999 1.621067 1.0517 0.3865493 0.09382002 0.06590141 0.07811213 0.05786318 0.03527099 0.03333968 0.02103307 0.02328783 0.03212567 0.04547643 0.09405602 0.09190571 0.04320879 0.04196233 0.05337872 0.04824794 0.07371033 0.05288924 0.04878523 0.06965725 0.1432911 0.1043638 0.09957945 0.0684099 0.04122943 0.01244165 0.004814984 0.0009198549 0.006779618 0.007008717 0.004474358 0.003863795 0.005360905 0.00932624 0.009185685 0.008001179 0.007536566 0.05792426 0.05056456 0.01677782 0.01017935 0.006488257 0.01682377 0.01356822 0.02468567
-9999 -9999 -9999 -9999 -9999 -9999 -9999 -9999 -9999 -9999 -9999 -9999 -9999 -9999 -9999 -9999 -9999 -9999 -9999 -9999 -9999 -9999 -9999 0.4558736 0.325644 0.2037377 0.08961252 0.03483174 0.01885135 0.01868408 0.02893355 0.06168048 0.1213741 0.1417048 0.1250467 0.101397 0.08052575 0.1919357 0.1881493 0.1320302 0.06517989 0.08609826 0.1270629 0.09540113 0.09482083 0.3600871 0.1984377 0.2685618 0.2415868 0.1127734 0.06063545 0.04753631 0.04004778 0.03438215 0.01256817 0.01319436 0.005148189 0.008196385 0.009261712 0.00927542 0.0100038 0.05155291 0.1271258 0.07878122 0.08591899 0.09439472 0.04324716 0.07677448 0.07973359 0.1272898
-9999 -9999 -9999 -9999 -9999 -9999 -9999 -9999 -9999 -9999 -9999 -9999 -9999 -9999 -9999 -9999 -9999 -9999 -9999 -9999 -9999 -9999 -9999 0.2496366 0.2526858 0.1357702 0.08851455 0.06563905 0.0556946 0.02386207 0.04411135 0.2905408 0.1374572 0.07684375 0.1586456 0.1073071 0.1169674 0.2299135 0.4515776 0.2114923 0.06524941 0.03921044 0.04880346 0.1178876 0.2976495 0.2279556 0.2611066 0.5700981 0.7453854 0.4546714 0.287561 0.07619362 0.06430957 0.08535095 0.3551301 0.0280216 0.02710483 0.0137923 0.008816537 0.008440695 0.01018872 0.01698399 0.07522814 0.06790151 0.1049706 0.1065606 0.04576843 0.09103476 0.09009723 0.1027171
-9999 -9999 -9999 -9999 -9999 -9999 -9999 -9999 -9999 -9999 -9999 -9999 -9999 -9999 -9999 -9999 -9999 -9999 -9999 -9999 -9999 -9999 -9999 0.008579987 0.09591655 0.103242 0.1008395 0.3037695 0.1355066 0.06555919 0.09514347 0.0873615 0.06739415 0.09618171 0.1296911 0.1995259 0.1117281 0.1050969 0.1075263 0.2260696 0.08758114 0.06190163 0.09069351 0.1176605 0.1926889 0.1538631 0.1862823 0.6548083 1.117632 0.4072466 0.3374186 0.1468479 0.06593677 0.3458754 0.3440072 0.04638988 0.02724545 0.01657506 0.008237772 0.005243469 0.02644671 0.006686891 0.01953659 0.05304076 0.06577089 0.07683005 0.04316141 0.06929591 0.0270785 0.02559762
-9999 -9999 -9999 -9999 -9999 -9999 -9999 -9999 -9999 -9999 -9999 -9999 -9999 -9999 -9999 -9999 -9999 -9999 -9999 -9999 -9999 -9999 -9999 -9999 0.002083417 0.1067367 0.1963486 0.2336863 0.1388507 0.06802484 0.07838759 0.08862713 0.04959426 0.119899 0.1359217 0.07305566 0.07837817 0.1184433 0.1040644 0.2478616 0.2182679 0.1435645 0.0943023 0.07515584 0.07842252 0.1096686 0.105083 0.4765531 0.2617852 0.1644071 0.1738902 0.2856564 0.1665813 0.6253664 0.8094382 0.2709163 0.03500998 0.02086471 0.01143134 0.01081007 0.004488005 0.004045683 0.004034578 0.03741433 0.03814716 0.02549432 0.04706628 0.02837774 0.01249746 0.04611951
-9999 -9999 -9999 -9999 -9999 -9999 -9999 -9999 -9999 -9999 -9999 -9999 -9999 -9999 -9999 -9999 -9999 -9999 -9999 -9999 -9999 -9999 -9999 -9999 -9999 5.058195e-005 0.6167262 0.1375982 0.04179913 0.08880795 0.1218971 0.1145662 0.1111551 0.1469785 0.371073 0.06882911 0.08035912 0.06317398 0.05777105 0.197082 0.1258351 0.2547171 0.1229479 0.06608216 0.05180813 0.1143732 0.1658055 0.1974211 0.3849674 0.3275072 0.111619 0.2289342 0.2066596 0.3205714 0.147661 0.1471933 0.05046594 0.08359042 0.0716554 0.02293543 0.004001819 0.002817888 0.002586925 0.01636425 0.02140033 0.002816091 0.02468066 0.02931072 0.04523693 0.03701107
-9999 -9999 -9999 -9999 -9999 -9999 -9999 -9999 -9999 -9999 -9999 -9999 -9999 -9999 -9999 -9999 -9999 -9999 -9999 -9999 -9999 -9999 -9999 -9999 -9999 -9999 0.1408476 0.1388589 0.108915 0.2282143 0.1753112 0.1664229 0.1218646 0.1478656 0.1754162 0.1037689 0.1494469 0.1558706 0.05988796 0.08420797 0.1366667 0.1337645 0.1178759 0.2265403 0.4694385 0.16585 0.1321259 0.136434 0.221388 0.1879498 0.08458423 0.131049 0.113809 0.1002623 0.04697309 0.06540443 0.1086206 0.02841703 0.02737126 0.004815322 0.00227447 0.002739458 0.002428022 0.006166577 0.004282631 0.002823888 0.01573117 0.04352516 0.1008722 0.0449919
-9999 -9999 -9999 -9999 -9999 -9999 -9999 -9999 -9999 -9999 -9999 -9999 -9999 -9999 -9999 -9999 -9999 -9999 -9999 -9999 -9999 -9999 -9999 -9999 -9999 -9999 7.222025e-005 0.03524344 0.1171625 0.03707844 0.08297332 0.3123165 0.4887165 0.4728291 0.5400731 0.4469952 0.3069848 0.2967895 0.2331275 0.07995944 0.2251486 0.2750044 0.3649819 0.8991863 1.016818 0.7730373 0.4308411 0.3417512 0.3232288 0.2461416 0.1008829 0.04431191 0.06732325 0.1020065 0.06632535 0.04093663 0.03299814 0.01564117 0.01512096 0.01259371 0.001734437 0.00711603 0.004400493 0.0009867897 0.0005070175 0.001819862 0.009423757 0.0173187 0.03376401 0.04500373
-9999 -9999 -9999 -9999 -9999 -9999 -9999 -9999 -9999 -9999 -9999 -9999 -9999 -9999 -9999 -9999 -9999 -9999 -9999 -9999 -9999 -9999 -9999 -9999 -9999 -9999 -9999 -9999 0.04794024 0.1497306 0.07212172 0.2653742 0.3952158 0.7377189 0.784708 0.417377 0.4397471 0.2552412 0.8507807 0.3813277 0.3545054 0.9292137 1.100927 2.406341 0.3016916 0.4478633 0.8571599 1.026742 0.4704 0.3962451 0.6734076 0.1877105 0.06464761 0.1010524 0.09015462 0.04030107 0.02182843 0.02778105 0.01312828 0.02013947 0.006478916 0.009122136 0.006868733 0.001180717 0.001161419 0.0002772877 0.008097908 0.01256812 0.02698313 0.03957594
-9999 -9999 -9999 -9999 -9999 -9999 -9999 -9999 -9999 -9999 -9999 -9999 -9999 -9999 -9999 -9999 -9999 -9999 -9999 -9999 -9999 -9999 -9999 -9999 -9999 -9999 -9999 -9999 -9999 0.008209127 0.05179774 0.07350952 0.1204483 0.6742924 0.4634078 1.789347 1.492585 0.2536328 0.4269176 1.346673 0.1027904 0.001635633 -9999 -9999 4.612088 6.078161 3.032379 1.495036 0.2754045 0.6517672 1.703876 0.1842894 0.1138665 0.06082933 0.04590914 0.02513869 0.01731014 0.01947414 0.009606046 0.0218598 0.03509263 0.02627814 0.004811966 0.009805402 0.002620131 0.00432497 0.003348025 0.009409207 0.01542697 0.01336276
-9999 -9999 -9999 -9999 -9999 -9999 -9999 -9999 -9999 -9999 -9999 -9999 -9999 -9999 -9999 -9999 -9999 -9999 -9999 -9999 -9999 -9999 -9999 -9999 -9999 -9999 -9999 -9999 -9999 -9999 0.0004006629 0.01617371 0.1255433 0.1292102 0.000100484 -9999 -9999 0.02660029 0.07315252 -9999 -9999 -9999 -9999 -9999 -9999 2.241926 8.008864 2.811078 1.059184 1.013244 0.3214919 0.4954714 0.1400239 0.06922855 0.07996371 0.0381843 0.02807271 0.02557527 0.453338 0.01225538 0.02134172 0.02699965 0.01699932 0.007319541 0.003390161 0.001799998 0.001502955 0.00463065 0.01060771 0.007419202
-9999 -9999 -9999 -9999 -9999 -9999 -9999 -9999 -9999 -9999 -9999 -9999 -9999 -9999 -9999 -9999 -9999 -9999 -9999 -9999 -9999 -9999 -9999 -9999 -9999 -9999 -9999 -9999 -9999 -9999 -9999 -9999 -9999 -9999 -9999 -9999 -9999 -9999 -9999 -9999 -9999 -9999 -9999 -9999 -9999 -9999 -9999 -9999 0.3641222 0.7007581 0.2950543 0.8974779 0.1141286 0.05564022 0.04927075 0.02299547 0.01276949 0.02041512 0.02412097 0.03670773 0.02134289 0.01119872 0.01477193 0.00628802 0.004205444 0.006372454 0.006457348 0.007953824 0.005327737 0.01007957
-9999 -9999 -9999 -9999 -9999 -9999 -9999 -9999 -9999 -9999 -9999 -9999 -9999 -9999 -9999 -9999 -9999 -9999 -9999 -9999 -9999 -9999 -9999 -9999 -9999 -9999 -9999 -9999 -9999 -9999 -9999 -9999 -9999 -9999 -9999 -9999 -9999 -9999 -9999 -9999 -9999 -9999 -9999 -9999 -9999 -9999 -9999 -9999 -9999 0.04845702 0.2313058 0.2576582 0.07528649 0.05887578 0.0374287 0.02921274 0.01581789 0.01470618 0.02268164 0.02469268 0.02061404 0.01944889 0.02702904 0.009807707 0.005955594 0.006181634 0.006824059 0.02477685 0.01427853 0.01417835
-9999 -9999 -9999 -9999 -9999 -9999 -9999 -9999 -9999 -9999 -9999 -9999 -9999 -9999 -9999 -9999 -9999 -9999 -9999 -9999 -9999 -9999 -9999 -9999 -9999 -9999 -9999 -9999 -9999 -9999 -9999 -9999 -9999 -9999 -9999 -9999 -9999 -9999 -9999 -9999 -9999 -9999 -9999 -9999 -9999 -9999 -9999 -1e+008 -9999 0.2856171 0.375511 0.4216059 0.1254344 0.04109164 0.02453232 0.01710145 0.01349676 0.01666036 0.005851577 0.005914994 0.007034616 0.007170518 0.006249672 0.006347171 0.006986409 0.004604704 0.002469761 0.009505153 0.004985949 0.02312602
-9999 -9999 -9999 -9999 -9999 -9999 -9999 -9999 -9999 -9999 -9999 -9999 -9999 -9999 -9999 -9999 -9999 -9999 -9999 -9999 -9999 -9999 -9999 -9999 -9999 -9999 -9999 -9999 -9999 -9999 -9999 -9999 -9999 -9999 -9999 -9999 -9999 -9999 -9999 -9999 -9999 -9999 -9999 -9999 -9999 -9999 -1e+008 -9999 -9999 2.499237 0.1164929 0.08442751 0.08041736 0.08362558 0.02547733 0.02303195 0.01724594 0.01582537 0.006849272 0.005728097 0.005737728 0.006343887 0.007126376 0.009860547 0.01579614 0.03719943 0.002176284 0.003093126 0.03357732 0.1598637
-9999 -9999 -9999 -9999 -9999 -9999 -9999 -9999 -9999 -9999 -9999 -9999 -9999 -9999 -9999 -9999 -9999 -9999 -9999 -9999 -9999 -9999 -9999 -9999 -9999 -9999 -9999 -9999 -9999 -9999 -9999 -9999 -9999 -9999 -9999 -9999 -9999 -9999 -9999 -9999 -9999 -9999 -9999 -9999 -9999 -9999 -9999 -9999 0.04459235 0.3816423 0.1600354 0.07323727 0.1023544 0.08638712 0.05369229 0.05989599 0.04256976 0.01552377 0.02017483 0.006267976 0.00800407 0.009525867 0.00828246 0.007316555 0.004900038 0.003942369 0.004044273 0.003663631 0.02096992 0.205643
-9999 -9999 -9999 -9999 -9999 -9999 -9999 -9999 -9999 -9999 -9999 -9999 -9999 -9999 -9999 -9999 -9999 -9999 -9999 -9999 -9999 -9999 -9999 -9999 -9999 -9999 -9999 -9999 -9999 -9999 -9999 -9999 -9999 -9999 -9999 -9999 -9999 -9999 -9999 -9999 -9999 -9999 -9999 -9999 -9999 0.007538473 -9999 -9999 0.004459689 0.2099195 0.1275046 0.1347055 0.1528651 0.3823525 0.05125379 0.06843149 0.04634288 0.009951445 0.00972356 0.006172576 0.001731115 0.003227653 0.007869349 0.006954076 0.004915839 0.004412721 0.004837619 0.006300497 0.06427872 0.8315647
0.01883473 -9999 -9999 -9999 -9999 -9999 -9999 -9999 -9999 -9999 -9999 -9999 -9999 -9999 -9999 -9999 -9999 -9999 -9999 -9999 -9999 -9999 -9999 -9999 -9999 -9999 -9999 -9999 -9999 -9999 -9999 -9999 -9999 -9999 -9999 -9999 -9999 -9999 -9999 -9999 -9999 -9999 -9999 -9999 -9999 -9999 -9999 -9999 -9999 0.01876733 0.1236923 0.178741 0.09091797 0.08805107 0.05383777 0.03622847 0.02660513 0.009457525 0.01343543 0.004948124 0.002726673 0.002560671 0.005063197 0.008486441 0.009014005 0.007337446 0.0104331 0.008779405 0.1602967 0.8573344
0.5274588 8.086767 -9999 -9999 -9999 -9999 -9999 0.006754701 -9999 -9999 -9999 -9999 -9999 -9999 -9999 -9999 -9999 -9999 -9999 -9999 -9999 -9999 -9999 -9999 -9999 -9999 -9999 -9999 -9999 -9999 -9999 -9999 -9999 -9999 -9999 -9999 -9999 -9999 -9999 -9999 -9999 -9999 -9999 -9999 -9999 -9999 -9999 -9999 -9999 -9999 0.02459315 0.109661 0.1514136 0.1063689 0.08163608 0.8635588 0.008885401 0.01971356 0.01797977 0.005605347 0.002933351 0.003479105 0.007410771 0.03235938 0.01062145 0.004035288 0.01867172 0.01182094 0.04626345 0.3578744
0.2619104 0.8711059 0.4534424 0.03663677 -9999 -9999 -9999 -9999 -9999 -9999 -9999 -9999 -9999 -9999 -9999 -9999 -9999 -9999 -9999 -9999 -9999 -9999 -9999 -9999 -9999 -9999 -9999 -9999 -9999 -9999 -9999 -9999 -9999 -9999 -9999 -9999 -9999 -9999 -9999 -9999 -9999 -9999 -9999 -9999 -9999 -9999 -9999 -9999 -9999 -9999 -9999 0.3910681 0.4754348 0.2388363 0.1981173 1.27325 0.02383318 0.02260081 0.05788708 0.03617015 0.01367079 0.01503618 0.01600798 0.01166273 0.01020486 0.003884745 0.01745669 0.00745025 0.01574314 0.1081237
0.2731781 0.3111351 1.043 0.5530596 3.312377 -9999 -9999 -9999 -9999 -9999 -9999 -9999 -9999 -9999 -9999 -9999 -9999 -9999 -9999 -9999 -9999 -9999 -9999 -9999 -9999 -9999 -9999 -9999 -9999 -9999 -9999 -9999 -9999 -9999 -9999 -9999 -9999 -9999 -9999 -9999 -9999 -9999 -9999 -9999 -9999 -9999 -9999 -9999 -9999 -9999 -9999 1.910626 0.9341154 0.07324012 0.04979176 0.04657213 0.02490648 0.02310832 0.03471959 0.02896856 0.02046205 0.02140077 0.06002109 0.03218108 0.01345875 0.009860803 0.02046551 0.01555814 0.0131106 0.03639199
0.3744747 0.5797159 0.4714093 0.4315228 1.135262 0.1223715 -9999 -9999 -9999 -9999 -9999 -9999 -9999 -9999 -9999 -9999 -9999 -9999 -9999 -9999 -9999 -9999 -9999 -9999 -9999 -9999 -9999 -9999 -9999 -9999 -9999 -9999 -9999 -9999 -9999 -9999 -9999 -9999 -9999 -9999 -9999 -9999 -9999 -9999 -9999 -9999 -9999 -9999 -9999 -9999 -9999 0.0455236 0.231845 0.03562735 0.0568788 0.09049843 0.07323945 0.01254229 0.009095054 0.01597099 0.03397204 0.03241084 0.0359352 0.1477786 0.03947666 0.01514549 0.01143142 0.01074685 0.01260656 0.02939785
0.7905127 0.4113049 0.4688469 0.5021203 2.862505 5.697392 -9999 -9999 -9999 -9999 -9999 -9999 -9999 -9999 -9999 -9999 -9999 -9999 -9999 -9999 -9999 -9999 -9999 -9999 -9999 -9999 -9999 -9999 -9999 -9999 -9999 -9999 -9999 -9999 -9999 -9999 -9999 -9999 -9999 -9999 -9999 -9999 -9999 -9999 -9999 -9999 -9999 -9999 -9999 -9999 -9999 -9999 0.9115535 0.03726453 0.08222263 0.09053341 0.08033305 0.02547257 0.008685328 0.01267083 0.02103508 0.02149275 0.02062418 0.0330386 0.01194204 0.01298459 0.02077891 0.01586127 0.01152486 0.01605985
0.2380473 0.3296326 0.2731763 1.277681 4.725554 6.58913 -9999 -9999 -9999 -9999 -9999 -9999 -9999 -9999 -9999 -9999 -9999 -9999 -9999 -9999 -9999 -9999 -9999 -9999 -9999 -9999 -9999 -9999 -9999 -9999 -9999 -9999 -9999 -9999 -9999 -9999 -9999 -9999 -9999 -9999 -9999 -9999 -9999 -9999 -9999 -9999 -9999 -9999 -9999 -9999 -9999 0.6402236 0.2362056 0.5101796 0.07209329 0.09546258 0.07064986 0.04738072 0.01850233 0.01858068 0.01823793 0.01533209 0.005732247 0.007247306 0.007775516 0.01171862 0.02074832 0.0106516 0.009554561 0.03738087
