data/raw/spatialecon-gecon-v4-gis-ascii/GIS data ASCII/MER2000/mer2000sum.asc
ncols         360
nrows         140
xllcorner     -180.0
yllcorner     -56.0
cellsize      1
NODATA_value  -9999
[rows 0 to 30 of 140, columns 280 to 349 of 360]
-9999 -9999 -9999 -9999 -9999 -9999 -9999 -9999 -9999 -9999 -9999 -9999 -9999 -9999 -9999 -9999 -9999 -9999 -9999 -9999 -9999 -9999 -9999 -9999 -9999 -9999 -9999 -9999 -9999 -9999 -9999 -9999 -9999 -9999 -9999 -9999 -9999 -9999 -9999 -9999 -9999 -9999 -9999 -9999 -9999 -9999 -9999 -9999 -9999 -9999 -9999 -9999 -9999 -9999 -9999 -9999 -9999 -9999 -9999 -9999 -9999 -9999 -9999 -9999 -9999 -9999 -9999 -9999 -9999 -9999
-9999 -9999 -9999 -9999 -9999 -9999 -9999 -9999 -9999 -9999 -9999 -9999 -9999 -9999 -9999 -9999 -9999 -9999 -9999 -9999 -9999 -9999 -9999 -9999 -9999 -9999 -9999 -9999 -9999 -9999 -9999 -9999 -9999 -9999 -9999 -9999 -9999 -9999 -9999 -9999 -9999 -9999 -9999 -9999 -9999 -9999 -9999 -9999 -9999 -9999 -9999 -9999 -9999 -9999 -9999 -9999 -9999 -9999 -9999 -9999 -9999 -9999 -9999 -9999 -9999 -9999 -9999 -9999 -9999 -9999
-9999 -9999 -9999 -9999 -9999 -9999 -9999 -9999 -9999 -9999 -9999 -9999 -9999 -9999 -9999 -9999 -9999 -9999 -9999 -9999 -9999 -9999 -9999 -9999 -9999 -9999 -9999 -9999 -9999 -9999 -9999 -9999 -9999 -9999 -9999 -9999 -9999 -9999 -9999 -9999 -9999 -9999 -9999 -9999 -9999 -9999 -9999 -9999 -9999 -9999 -9999 -9999 -9999 -9999 -9999 -9999 -9999 -9999 -9999 -9999 -9999 -9999 -9999 -9999 -9999 -9999 -9999 -9999 -9999 -9999
-9999 -9999 -9999 -9999 -9999 -9999 -9999 -9999 -9999 -9999 -9999 -9999 -9999 -9999 -9999 -9999 -9999 -9999 -9999 -9999 -9999 -9999 -9999 -9999 -9999 -9999 -9999 -9999 -9999 -9999 -9999 -9999 -9999 -9999 -9999 -9999 -9999 -9999 -9999 -9999 -9999 -9999 -9999 -9999 -9999 -9999 -9999 -9999 -9999 -9999 -9999 -9999 -9999 -9999 -9999 -9999 -9999 -9999 -9999 -9999 -9999 -9999 -9999 -9999 -9999 -9999 -9999 -9999 -9999 -9999
1.84284e-006 1.143026e-005 1.795455e-005 6.42527e-006 5.387422e-007 -9999 -9999 -9999 -9999 -9999 -9999 -9999 -9999 -9999 -9999 -9999 -9999 -9999 -9999 -9999 -9999 -9999 -9999 -9999 -9999 -9999 -9999 -9999 -9999 -9999 -9999 -9999 -9999 -9999 -9999 -9999 -9999 -9999 -9999 -9999 -9999 -9999 -9999 -9999 -9999 -9999 -9999 -9999 -9999 -9999 -9999 -9999 -9999 -9999 -9999 -9999 -9999 -9999 -9999 -9999 -9999 -9999 -9999 -9999 -9999 -9999 -9999 -9999 -9999 -9999
3.793778e-005 5.160965e-005 4.887203e-005 4.839634e-005 3.725148e-005 7.823101e-006 4.777049e-006 4.551579e-006 -9999 -9999 -9999 -9999 -9999 -9999 -9999 -9999 -9999 -9999 -9999 -9999 -9999 -9999 -9999 -9999 -9999 -9999 -9999 -9999 -9999 -9999 -9999 -9999 -9999 -9999 -9999 -9999 -9999 -9999 -9999 -9999 -9999 -9999 -9999 -9999 -9999 -9999 -9999 -9999 -9999 -9999 -9999 -9999 -9999 -9999 -9999 -9999 -9999 -9999 -9999 -9999 -9999 -9999 -9999 -9999 -9999 -9999 -9999 -9999 -9999 -9999
9.422548e-007 9.290332e-006 3.05621e-005 4.451513e-005 4.512732e-005 2.61297e-005 4.646717e-006 2.743543e-006 -9999 -9999 -9999 -9999 -9999 -9999 -9999 -9999 -9999 -9999 -9999 -9999 -9999 -9999 -9999 -9999 -9999 -9999 -9999 -9999 -9999 -9999 -9999 -9999 -9999 -9999 -9999 -9999 -9999 -9999 -9999 -9999 -9999 -9999 -9999 -9999 -9999 -9999 -9999 -9999 -9999 -9999 -9999 -9999 -9999 -9999 -9999 -9999 5.006585e-007 -9999 -9999 -9999 -9999 -9999 -9999 -9999 -9999 -9999 -9999 -9999 -9999 -9999
3.601733e-005 7.005218e-005 7.499829e-005 8.609214e-005 9.840808e-005 0.0001041464 0.0001041532 8.122301e-005 0.0001059185 0.0001093744 0.0001091161 0.0001003754 6.258768e-005 1.813586e-005 -9999 -9999 -9999 -9999 -9999 -9999 -9999 -9999 -9999 -9999 -9999 -9999 -9999 -9999 -9999 -9999 -9999 -9999 -9999 -9999 -9999 -9999 -9999 0 0.0002506837 0.000108712 1.390994e-006 0.000163795 0 -9999 -9999 -9999 -9999 -9999 1.087357e-005 1.250391e-005 -9999 -9999 8.266536e-006 -9999 -9999 -9999 -9999 -9999 -9999 -9999 -9999 -9999 -9999 -9999 -9999 -9999 -9999 -9999 -9999 -9999
0.0001121041 0.0001253631 0.0001391397 0.0001554268 0.0001556221 0.0001556221 0.0001556221 0.0001556221 0.0001556221 0.0001556221 0.0001556221 0.0001556221 0.0001457499 8.652773e-005 -9999 -9999 -9999 -9999 -9999 -9999 -9999 -9999 -9999 -9999 -9999 -9999 -9999 -9999 -9999 -9999 -9999 -9999 -9999 -9999 -9999 0.0003151968 4.534862e-005 0.001513904 0.002105741 0.002064049 0.001618104 0.002120808 0.001903936 0.001691057 0.001218461 7.574169e-005 0.0001242256 0.000198334 0.0001560243 0.0001177326 6.387882e-005 -9999 -9999 -9999 -9999 -9999 -9999 -9999 -9999 -9999 -9999 -9999 -9999 -9999 -9999 -9999 -9999 -9999 -9999 -9999
0.0001439988 0.0001662044 0.0001662044 0.0001662044 0.0001662044 0.0001662044 0.0001662044 0.0001662044 0.0001661608 0.0001440861 8.846495e-005 9.161023e-005 0.0002904093 8.205317e-005 -9999 1.102484e-006 3.685162e-006 -9999 -9999 -9999 -9999 -9999 -9999 -9999 -9999 -9999 -9999 -9999 -9999 -9999 -9999 -9999 -9999 -9999 -9999 0.0001222619 3.863867e-005 3.75462e-005 0.0005801591 0.0004819355 0.0007876116 0.0001747404 0.0002833958 0.0001561357 -9999 -9999 -9999 2.269545e-005 0.0001225917 0.000123658 5.755827e-005 -9999 -9999 -9999 -9999 -9999 -9999 -9999 -9999 -9999 -9999 -9999 -9999 -9999 -9999 -9999 -9999 -9999 -9999 -9999
0.0001766776 0.0001766776 0.0001766776 0.0001766776 0.0001766776 0.0001746358 0.0001361189 9.3945e-005 8.190702e-005 9.139548e-005 0.0002566551 0.0006203915 0.0006169697 0.0004755987 0.0004983547 0.0005834062 0.0005572274 0.0005042675 0.0003586337 9.196883e-005 3.550695e-005 -9999 2.020728e-005 0.0003435622 0.0007166882 0.0005272234 0.0004431164 0.0004804188 0.0002774876 4.290388e-005 -9999 -9999 -9999 -9999 -9999 0 5.510457e-005 -9999 -9999 3.052418e-005 0.0003800982 0.001321249 0.001424982 0.0005592553 -9999 -9999 -9999 -9999 -9999 -9999 -9999 -9999 -9999 -9999 -9999 -9999 -9999 -9999 -9999 -9999 -9999 -9999 -9999 -9999 -9999 -9999 -9999 -9999 -9999 -9999
0.000187099 0.000187099 0.000187099 0.000187099 0.000187099 0.0001755516 0.0001847758 0.000187099 0.000187099 0.000187099 0.0002330327 0.0005487971 0.0007723839 0.0008596403 0.0008827755 0.0008837211 0.0008036413 0.000737707 0.0008139766 0.0007596713 0.0007898188 0.0009690978 0.0009732652 0.0009814783 0.001015211 0.001012011 0.001019261 0.001016261 0.00099201 0.0003881803 -9999 -9999 -9999 -9999 -9999 -9999 -9999 -9999 -9999 0.0005858352 0.001267736 0.00198122 0.001809967 0.001666998 0.00122384 0.0009122761 0.0004662045 0.0001908792 0.0001811679 8.971093e-005 -9999 -9999 -9999 -9999 -9999 -9999 -9999 -9999 -9999 -9999 -9999 -9999 -9999 -9999 -9999 -9999 -9999 -9999 -9999 -9999
0.000197293 0.000197293 0.000197293 0.000197293 0.000197293 0.000197293 0.000197293 0.000197293 0.000197293 0.000197293 0.000197293 0.0001963749 0.0001663768 0.0005020844 0.0009156461 0.0004334705 0.000176974 0.0001762858 0.0001762858 0.0001762858 0.0001919237 0.0004000231 0.0009157186 0.001074505 0.001074505 0.001074505 0.001069278 0.001001294 0.0009846392 0.0004313713 1.575375e-005 0.0001012809 0.001950943 0.001382329 0.001045575 0.001577267 0.001527891 0.001160206 0.001550019 0.001528127 0.002682111 0.002687268 0.002152343 0.0006973126 0.0006206603 0.0006190977 0.0005938208 0.0006095736 0.0006223942 0.0005223333 0.0003310748 0.0001887444 2.313575e-006 -9999 1.006314e-006 8.759998e-005 0.0001528312 0.0001050799 1.123079e-006 -9999 -9999 -9999 -9999 -9999 -9999 -9999 -9999 -9999 -9999 -9999
0.0002074375 0.0002074375 0.0002074375 0.0002074375 0.0002074375 0.0002074375 0.0002074375 0.0002074375 0.0002074375 0.000194108 0.0001788343 0.0001817746 0.0001846218 0.0002512548 0.0003021809 0.0001859144 0.0001844299 0.0001844299 0.0001844299 0.0001844299 0.00051792 0.0008090577 0.001110234 0.001124531 0.001124531 0.001081483 0.001064509 0.001079564 0.001124531 0.001124531 0.001025138 0.0009574837 0.001891929 0.002683819 0.002810655 0.002812373 0.002812373 0.002780119 0.002754212 0.002812373 0.002800168 0.001528514 0.0006941609 0.0006509492 0.0006509492 0.0006509492 0.0006415975 0.0006309818 0.0006509492 0.0006509492 0.0006509492 0.0006363477 0.001259405 0.001644104 0.001838158 0.001901023 0.001901023 0.001901023 0.001684932 0.00129258 7.734502e-005 3.20442e-005 -9999 -9999 -9999 -9999 -9999 -9999 0 -9999
0.000176095 0.000181647 0.0001914618 0.0001966151 0.0001935001 0.0001947548 0.0001858282 0.0001882262 0.0001911837 0.0001831867 0.0001939609 0.0001939609 0.0001939609 0.0001939609 0.0001939609 0.0001939609 0.0001939609 0.0001939609 0.0001939609 0.0002378631 0.0008087935 0.0009435302 0.001129834 0.001182439 0.001091508 0.001129069 0.001182594 0.001182594 0.001182594 0.001182594 0.001182594 0.001138162 0.001048262 0.001800743 0.002479497 0.002554253 0.002627924 0.002884476 0.002957516 0.002957537 0.002957537 0.00265425 0.001500943 0.001032918 0.0009752725 0.0009373049 0.0008287092 0.000837522 0.0008779922 0.0009748037 0.001058017 0.001083273 0.001621666 0.001736478 0.001941124 0.001972159 0.001973937 0.001999165 0.00196808 0.001869921 0.001172778 0.0009804408 0.001327386 0.001667737 0.001507519 0.001400446 0.001226608 0.004465343 0.00491056 0.001088599
0.0001643614 0.0001643614 0.0001555623 0.0001643614 0.0001643614 0.0001643614 0.0001621576 0.0002033563 0.0002033563 0.0002033563 0.0002033563 0.0002033563 0.0002033563 0.0002033563 0.0002033563 0.0002033563 0.0002033563 0.0002033563 0.0002235006 0.0003188345 0.0005460567 0.0006042778 0.0006025325 0.0005823664 0.0006200571 0.0006435922 0.0007343979 0.0006889686 0.0006413091 0.0006525693 0.0006020315 0.0005546547 0.0005475171 0.001442488 0.002571356 0.002571356 0.002571356 0.002571356 0.002815849 0.003100113 0.00310087 0.002281295 0.001332782 0.001320287 0.001320287 0.001320287 0.001320287 0.001318778 0.001294486 0.001257449 0.001269516 0.001094755 0.001174059 0.001276974 0.00119806 0.001250447 0.001527355 0.001577048 0.001926147 0.002112002 0.002132213 0.002157016 0.002190951 0.002569125 0.002569125 0.002569125 0.002569125 0.006086712 0.007986884 0.00707248
0.0001716576 0.0001716576 0.0001716576 0.0001716576 0.0001716576 0.0001712922 0.00016907 0.0002126333 0.0002126333 0.0002126333 0.0002126333 0.0002126333 0.0002126333 0.0002126333 0.0002126333 0.0002126333 0.0002126333 0.0002664239 0.0005117671 0.0006702398 0.0006324043 0.0006324043 0.0006246267 0.0005363258 0.0006201123 0.0006324043 0.0006311185 0.0005883607 0.0005724838 0.0005724838 0.0005724838 0.0005724838 0.0005724838 0.00182473 0.002688559 0.002688559 0.002688559 0.00259667 0.002668887 0.001859135 0.001109656 0.001076304 0.001085894 0.001247054 0.001379372 0.001304724 0.001234962 0.001157823 0.001675494 0.001753972 0.001581231 0.001346119 0.001334897 0.001335207 0.001320189 0.001316251 0.001335207 0.001455092 0.002306298 0.002635821 0.002635821 0.002635821 0.002635821 0.002635821 0.002635821 0.002635821 0.002635821 0.003135099 0.004440892 0.005156618
0.0001788434 0.0001788434 0.0001788434 0.0001788434 0.0001788434 0.0001782356 0.001998241 0.003322501 0.004015428 0.002585661 0.003198105 0.003823457 0.003578681 0.001267895 0.0002203374 0.0002203374 0.0002203374 0.0002203374 0.004023203 0.007347359 0.003867877 0.000655305 0.000655305 0.0005423167 0.0006382883 0.000655305 0.0007166435 0.001567552 0.001636904 0.001428799 0.0005981319 0.0005932072 0.001326002 0.002770847 0.002785919 0.002785919 0.00278578 0.002785919 0.002785919 0.00248328 0.001512243 0.0008630413 0.0008630413 0.0008630413 0.0009338774 0.0008746876 0.0008630413 0.001200493 0.001858619 0.00212102 0.00212102 0.002077109 0.001717628 0.001465512 0.001519029 0.001547273 0.001477113 0.001418672 0.001873474 0.002697309 0.002779573 0.002779573 0.002779573 0.002779573 0.002779573 0.002779573 0.00258139 0.002487728 0.002237534 0.001861693
0.0001859362 0.0001859362 0.0001859362 0.0001859362 0.0001859362 0.0001881412 0.002092826 0.005408652 0.005351961 0.005408652 0.005408652 0.005408652 0.003156649 0.0002312322 0.0002293237 0.0002591691 0.0002819825 0.004323708 0.008838647 0.008865735 0.006392561 0.0009678074 0.0006820665 0.0006769465 0.0005477963 0.001226466 0.00153283 0.00298646 0.003177047 0.003177047 0.002867509 0.002313009 0.002889015 0.002883442 0.002841131 0.002797328 0.00276875 0.002779766 0.002791231 0.003010901 0.002855 0.002323016 0.001617076 0.0009140674 0.0008982801 0.0008982801 0.0008982801 0.00117915 0.002129031 0.00220759 0.00220759 0.00220759 0.002240577 0.002307538 0.002366321 0.002396543 0.002395257 0.002365055 0.002136231 0.001727688 0.002213178 0.00263074 0.002922284 0.002922284 0.002922284 0.002433412 0.001724365 0.001723146 0.001723146 0.001723146
0.0001908701 0.0001922673 0.0001931945 0.0001931945 0.0001931945 0.000480328 0.002334423 0.003303339 0.003665172 0.005617435 0.005617435 0.005617435 0.005494615 0.004098883 0.005445478 0.009337381 0.009617098 0.01025509 0.01023505 0.00925292 0.009208726 0.009017165 0.00740912 0.006148622 0.006079001 0.002879422 0.003107056 0.003255635 0.003299655 0.003299655 0.003299655 0.003295639 0.003070385 0.002873443 0.002873443 0.002848476 0.002868717 0.002873443 0.002873443 0.003720498 0.005720655 0.005837009 0.005837009 0.005353035 0.003423851 0.002371888 0.002634987 0.002276032 0.007036496 0.007680336 0.00564107 0.004663506 0.002429002 0.002491977 0.002491977 0.002636011 0.003099523 0.004067153 0.001848316 0.001268807 0.001268807 0.001334169 0.00148522 0.0008356457 0.0008572768 0.0008329834 0.0008675351 0.0009792526 0.001217851 0.001759007
0.0002710613 0.0002798006 0.0002567263 0.0002003286 0.0002003286 0.0002003286 0.0004825824 0.0007842163 0.001388108 0.003195108 0.005374706 0.005473621 0.005737085 0.006204472 0.008489921 0.009584547 0.01056158 0.01061614 0.01062983 0.01008473 0.009537218 0.009542418 0.00954725 0.008187458 0.004451311 0.003539226 0.00348062 0.003893415 0.009812923 0.01273432 0.01466874 0.01441576 0.01094286 0.006336561 0.002978398 0.002978398 0.002978398 0.002978398 0.002978398 0.003408833 0.005260424 0.006050258 0.006050258 0.006050258 0.006050258 0.01054523 0.01401805 0.01409325 0.01763076 0.01974903 0.01992068 0.006654782 0.002585916 0.002585916 0.002636277 0.004255698 0.004395176 0.004038186 0.001995831 0.001316621 0.001316621 0.001316621 0.001069717 0.0006449514 0.0006449514 0.0006449514 0.0006449514 0.0006449514 0.0007590819 0.001277653
0.0007937036 0.000761597 0.000731284 0.0006452743 0.0004792721 0.0002070469 0.0006188368 0.0008388433 0.0008388433 0.001779458 0.005725648 0.005118468 0.005905545 0.1386583 0.008129349 0.009024709 0.009024709 0.00915021 0.009551001 0.009498274 0.00974457 0.009867969 0.007983197 0.006556969 0.006461779 0.005291974 0.004485618 0.005251554 0.1682438 0.3312606 0.03307546 0.02728814 0.02203401 0.01606255 0.009533482 0.004183352 0.00308154 0.003167532 0.003456242 0.004218143 0.00338218 0.004012563 0.006000074 0.005837276 0.006268684 0.01233064 0.01333935 0.0128702 0.01498077 0.02487654 0.02649303 0.02232495 0.005167263 0.00320566 0.003664185 0.004516313 0.004461556 0.002536842 0.001357262 0.001357262 0.001357262 0.001357262 0.0009835408 0.0003654128 0.0004712946 0.0006585901 0.0006666963 0.0006666963 0.0006856962 0.0009521396
0.0007879575 0.0007879575 0.0007879575 0.0007879575 0.0006800213 0.0005924971 0.0008578513 0.0008670433 0.0008670433 0.001456392 0.004335293 0.00619053 0.006380135 0.009571232 0.01115557 0.01174069 0.0115369 0.0095223 0.008070542 0.005359104 0.005260764 0.005840436 0.005481594 0.004144954 0.00654916 0.01276068 0.01575972 0.02232868 0.09267961 0.26915 0.05230309 0.03139079 0.02521255 0.0232592 0.01449574 0.006563015 0.003875082 0.004070815 0.003155019 0.002169992 0.001643323 0.001643057 0.001826208 0.001772825 0.001897309 0.001794616 0.004845628 0.01022107 0.01066077 0.01155237 0.02044066 0.02613507 0.0245558 0.009818088 0.004686072 0.004699515 0.003467075 0.0004877586 0.0002612109 0.0003104479 0.001192608 0.001155946 0.0003848585 0.0001213692 0.0006682601 0.0009093485 0.001342464 0.001644117 0.002081431 0.002468417
0.0008907588 0.0008127483 0.0008127483 0.0008127483 0.0008001851 0.0008691368 0.0008947044 0.0008947044 0.0008947044 0.001367416 0.008939332 0.01302779 0.01299266 0.01364965 0.009688657 0.005320318 0.006624914 0.006080262 0.003960619 0.003957245 0.003846988 0.003861785 0.003911529 0.003897337 0.00573723 0.01330192 0.007798797 0.00794213 0.01115068 0.0168154 0.01988218 0.01247118 0.008506496 0.004400331 0.004396478 0.004396478 0.004396478 0.004396478 0.002039559 0.001695533 0.001695533 0.001695533 0.001695533 0.001695533 0.001694136 0.001975313 0.00325509 0.005184818 0.00596846 0.00697534 0.01380261 0.01742575 0.009367747 0.004914638 0.004332836 0.002017192 0 -9999 -9999 1.224642e-005 0.0002774934 0.0002940563 0.002189057 0.002820515 0.002232516 0.002154381 0.002197771 0.001536733 0.001134985 0.001505998
0.01681288 0.01451431 0.007733832 0.001857787 0.0008251346 0.0008983881 0.0009222495 0.0009222495 0.0009222495 0.004701134 0.009868866 0.008244968 0.008382145 0.007145263 0.002644581 0.002398763 0.002398763 0.002413197 0.002488985 0.003997791 0.004058387 0.004020013 0.004225626 0.0062173 0.007844522 0.008429206 0.008429206 0.008429206 0.008429527 0.009179613 0.009408451 0.00755993 0.004386953 0.002779576 0.00309469 0.002325073 0.002189551 0.001965527 0.001753151 0.001746952 0.001746952 0.001746952 0.001420678 0.001115351 0.001056049 0.001077785 0.00120019 0.002992255 0.003278799 0.001588876 0.4591822 0.0394875 0.004879788 0.004314922 0.002389751 0.0002289388 -9999 -9999 -9999 8.802638e-005 0.00153826 0.003201926 0.003827426 0.001249604 0.0004895809 6.290848e-005 0.0001397371 -9999 -9999 -9999
0.01944534 0.01609865 0.2634954 0.0105731 0.006425356 0.001150987 0.002181208 0.005792043 0.005882905 0.009774391 0.009177755 0.0069282 0.005601071 0.004850731 0.002468911 0.002468911 0.002468911 0.002664724 0.002701076 0.003387275 0.004213388 0.004212671 0.004581425 0.01256464 0.01319276 0.008664988 0.008664988 0.008664988 0.008664988 0.008664988 0.008664988 0.007332214 0.00176309 0.0004302947 0.0004302947 0.0004302947 0.0004302947 0.0004302947 0.001002157 0.001560056 0.001578222 0.0006669709 0 -9999 -9999 -9999 -9999 -9999 -9999 -9999 -9999 0.000502914 0.000244995 -9999 -9999 -9999 -9999 0 0.0005852021 0.002449963 0.003396311 0.003877742 0.001418441 0.0003564931 0.0004691758 -9999 -9999 -9999 -9999 -9999
0.02439091 0.01113959 0.01724498 0.04050802 0.02811904 0.00694045 0.008380638 0.01005157 0.0112374 0.01045396 0.00939873 0.00572646 0.005712778 0.003810727 0.04788184 0.002449501 0.002513137 0.003003398 0.002953035 0.002850684 0.00431694 0.004400334 0.0103334 0.02675907 0.02341122 0.02106236 0.01783048 0.01134274 0.009852183 0.01030677 0.008917682 0.004505037 0.000443306 0.0004424351 0.0004424351 0.0004424351 0.0004424351 0.0004424351 0.0004362362 0.0002921053 6.379207e-005 -9999 -9999 -9999 -9999 -9999 -9999 -9999 -9999 -9999 -9999 -9999 -9999 -9999 -9999 -9999 0.0004071791 0.003009993 0.003443425 0.003594138 0.00796701 0.007258262 0.005511266 0.0003057497 -9999 -9999 -9999 -9999 -9999 -9999
0.03311959 0.6510093 0.03312938 0.05082602 0.0476604 0.1403719 0.008743994 0.01208564 0.01158543 0.00689517 0.005392522 0.005132142 0.011623 0.01582163 0.009664652 0.00207574 0.003225995 0.003144742 0.003034831 0.003186831 0.005012877 0.00503878 0.007294207 0.0107936 0.02137734 0.02792817 0.02792817 0.02792817 0.02792817 0.02791017 0.02606052 0.00730137 0.0004542904 0.0004542904 0.0004542904 0.0004542904 0.0004542904 0.0004031943 9.317896e-005 -9999 -9999 -9999 -9999 -9999 -9999 -9999 -9999 -9999 -9999 -9999 -9999 -9999 -9999 -9999 -9999 0.0004049776 0.003291911 0.003239529 0.002805957 0.008351719 0.01247624 0.01246961 0.009290334 0.002293464 -9999 -9999 -9999 -9999 -9999 -9999
0.03382365 0.03595643 0.03553223 0.02070809 0.0144596 0.00826047 0.009115463 0.01315442 0.01101095 0.0444409 0.00595691 0.009244747 0.004872883 0.006814267 0.002732482 0.001865326 0.003093535 0.003478267 0.002319485 0.001098045 0.0007330914 0.001852805 0.005471001 0.005471068 0.1131684 0.00658626 0.00742108 0.007088919 0.007893542 0.006819053 0.006880056 0.003192592 0.002206338 0.0005402485 0.0005405932 0.0004865062 0.0002228882 7.29017e-005 8.213716e-006 -9999 -9999 -9999 -9999 -9999 -9999 -9999 -9999 -9999 -9999 -9999 -9999 -9999 -9999 -9999 -9999 0.001906398 0.003223162 0.002821162 0.007050415 0.01222829 0.01371058 0.01080705 1.783574e-005 -9999 -9999 0.0004665377 0.001374537 -9999 -9999 -9999
0.1500535 0.05982994 0.07413423 0.01442896 0.009051419 0.009453406 0.01130032 0.01178873 0.007253817 0.003245662 0.01422709 0.008966335 0.001778754 0.001778754 0.001791202 0.002470642 0.002997236 0.003238417 0.001372055 0.001925116 0.004625306 0.008117053 0.01209811 0.01509714 0.00668641 0.006222441 0.003883696 0.003194118 0.003548336 0.003877157 0.00354871 0.001692335 0.0005955868 0.0005955409 0.0005955409 0.0004319171 0.0003003631 0.0001700283 4.778485e-005 0.002807545 0.0003653301 -9999 0.002611574 0 -9999 -9999 -9999 -9999 -9999 -9999 -9999 -9999 -9999 -9999 -9999 0.001436778 0.005145171 0.007730762 0.01483459 0.01419446 0.007822993 0.006193452 0.000310672 -9999 -9999 -9999 0.001170965 0.000556839 5.713808e-005 -9999
0.03649266 0.1017181 0.2103838 0.2902773 0.07274268 0.04568587 0.01362415 0.008503897 0.008183132 0.02258341 0.02083322 0.004792846 0.004959531 0.00535551 0.00474714 0.003882414 0.008647654 0.02409724 0.0195743 0.01591071 0.01399627 0.01717568 0.02911167 0.02958479 0.03123992 0.02927668 0.01320779 0.06445685 0.004193078 0.006176599 0.004872655 0.003472385 0.002353967 0.003384482 0.00360157 0.0006486294 0.0009479239 0.001000463 0.002606262 0.01415484 0.1019946 0.004182728 0.08283579 0.0011463 -9999 -9999 -9999 -9999 -9999 -9999 -9999 -9999 -9999 -9999 -9999 0.0001176579 0.009503926 0.01299213 0.9313337 0.01074182 7.274107e-005 -9999 -9999 -9999 -9999 -9999 -9999 -9999 -9999 -9999
