data/raw/spatialecon-gecon-v4-gis-ascii/GIS data ASCII/MER2000/mer2000sum.asc
ncols         360
nrows         140
xllcorner     -180.0
yllcorner     -56.0
cellsize      1
NODATA_value  -9999
[rows 31 to 61 of 140, columns 210 to 279 of 360]
0.7769564 0.5378913 0.2661599 0.1806768 0.1590828 0.3397984 0.7502525 0.2853778 0.4823356 1.270055 0.3678979 0.6601676 0.1731317 0.1814815 0.1588497 0.1380728 0.1350076 0.3952463 0.1599245 0.3124792 0.1652079 0.1391895 0.269376 0.1506823 0.1079516 0.3401475 0.1204272 0.06189625 0.2070797 0.07877982 0.07123625 0.1272245 0.1278279 0.155449 0.06285134 0.05031267 0.07233608 0.06766978 0.07080769 0.09209783 0.1509652 0.04933411 0.03490286 0.0384649 0.02473361 0.03170174 0.3233219 0.4067917 0.06848944 0.06712504 0.07147965 0.07311489 0.1002072 0.06691612 0.08673716 0.349095 0.04361075 0.07485513 0.03406575 0.02690433 0.03891511 0.06362836 0.03241647 0.02421938 0.008340097 0.00191551 0.0008024108 0.0008225608 0.001569917 0.001804053
0.13399 0.4120036 0.1561267 0.324154 0.2408552 0.3894098 0.9103147 0.7323487 0.2762284 1.591236 0.2450913 0.2090709 0.282517 0.2642142 0.1137476 1.088231 0.9081602 0.2249449 0.1456867 0.0754155 0.06668343 0.3779495 0.08956189 0.09291178 0.1296241 1.108214 0.1020618 0.184594 0.7857848 0.08159287 0.05120615 0.03803848 0.03239297 0.03433789 0.0238517 0.0455942 0.05463508 0.04595041 0.1018349 0.06746829 0.07993618 0.5199822 0.05089761 0.04409714 0.01565845 0.2299325 0.0265235 0.02697097 0.03976457 0.04059026 0.05030831 0.2631125 0.07096185 0.03746651 0.04004815 0.0453803 0.07724392 0.009356171 0.01653673 0.02194716 0.02155775 0.01648432 0.01906015 0.01546724 0.07584804 0.003773151 0.002851119 0.003359231 0.004368138 0.004552852
2.948351 0.2703058 0.2748589 0.2640337 0.485332 0.3057952 1.618272 0.3327895 0.4403849 0.3692251 0.2523637 0.2116657 0.1429861 0.2072379 0.1437505 0.3122202 0.1007962 0.07882116 0.07750083 0.03019697 0.03535238 0.03497266 0.03702596 0.03869732 0.05255421 0.05421456 0.06646343 0.4094281 0.08111314 0.0907291 0.02158867 0.017074 0.01291895 0.01059918 0.01383532 0.01995729 0.1215605 0.02507355 0.02465331 0.02092181 0.02843685 0.04153678 0.2345935 0.2493675 0.0389614 0.0232583 0.01866916 0.01479765 0.02252953 0.03037945 0.4515221 0.1034947 0.2610505 0.1971679 0.02883915 0.01227062 0.01102406 0.00730654 0.005321118 0.007102842 0.01192082 0.01089449 0.005042147 0.00733577 0.007863607 0.00536759 0.004558111 0.006404365 0.005093303 0.004863396
0.5039101 0.3765111 0.4251256 0.5993478 0.5592329 0.2470662 1.06224 0.2609105 0.1882645 0.1380611 0.147809 0.09241317 0.08678002 0.1435021 0.10093 0.1045263 0.04874394 0.02478314 0.0235182 0.02108648 0.01570571 0.02073757 0.02131097 0.02250352 0.02245702 0.02830339 0.0425001 0.05209087 0.03347796 0.01457134 0.01033637 0.007497261 0.008841771 0.009390782 0.01047818 0.01587903 0.01322302 0.007749344 0.0157303 0.01699867 0.01380929 0.02457817 0.7182003 0.6671081 0.03198605 0.02474657 0.02014884 0.009654466 0.008242994 0.01205031 0.02692273 0.0405756 0.3863313 0.07108339 0.1341319 0.02716449 0.02322823 0.01124816 0.006379281 0.006593961 0.006339748 0.006413683 0.006157967 0.005494576 0.00641378 0.005668967 0.004977229 0.004962996 0.004939069 0.004901065
0.3241181 0.1837977 0.3087322 0.4626703 0.9414781 1.080612 0.2809733 1.587401 1.803794 0.8899202 0.4868028 0.1327603 0.1025554 0.13552 2.107108 0.08699049 0.09082493 0.01366178 0.01325456 0.01206195 0.01815307 0.02462054 0.01973039 0.01438367 0.01594588 0.009757414 0.01216873 0.021972 0.01428958 0.01142892 0.007341446 0.005278687 0.004327192 0.0059239 0.006599504 0.004185925 0.003100234 0.006649699 0.003706038 0.007500825 0.03312719 0.006428253 0.01211431 0.01502105 0.01432939 0.01518343 0.0153481 0.00905883 0.006624401 0.0147298 0.03223532 0.03367385 0.03506114 0.03153582 0.03338971 0.03410169 0.05676201 0.06922666 0.03622453 0.007121183 0.006451305 0.005319378 0.005035348 0.005097451 0.005444109 0.005260123 0.005046945 0.004973296 0.005442597 0.005851376
0.1579279 0.2252042 0.1645993 0.6479407 0.5295012 1.083916 0.2078055 1.389256 0.8153341 1.8623 0.8906118 0.2039926 0.3305814 0.08584788 0.03426803 0.0210207 0.03629903 0.04054121 0.03937874 0.02796516 0.02717228 0.2259718 0.07207854 0.02144808 0.02576957 0.006523028 0.005161754 0.006058307 0.01041919 0.01032295 0.0106518 0.01766398 0.01160565 0.003859777 0.002540186 0.002583527 0.002610019 0.2536422 0.002732978 0.006118052 0.006674177 0.009817977 0.009161872 0.008399508 0.007584929 0.008550305 0.004887683 0.006147656 0.006442362 0.02383788 0.03921274 0.05028887 0.02891519 0.0727451 0.04250414 0.0460273 0.04316179 0.06662548 0.05675996 0.01976988 0.01333083 0.005451516 0.004784175 0.004505161 0.002996256 0.003556245 0.004958346 0.005136172 0.004783212 0.005506146
1.145271 0.1927217 0.5576587 0.19628 0.1227384 0.2671682 0.1760751 0.018967 0.3453117 0.3817545 0.2768322 0.2520402 0.09760636 0.06006287 0.1116589 0.01209556 0.01855906 0.3637484 0.405138 0.02309125 0.005348875 0.002193156 0.005866759 0.02339778 0.02267708 0.0161664 0.008604929 0.005899119 0.01036997 0.01256333 0.008481446 0.01533189 0.0161974 0.01129316 0.009581637 0.007053556 0.005169959 0.003045034 0.003744208 0.006612219 0.006611138 0.008224115 0.009134036 0.006267922 0.08718355 0.02728662 0.01285069 0.0130796 0.006492808 0.0143658 0.03705109 0.0418238 0.0705091 0.1599861 0.112879 0.0614183 0.0163889 0.0184244 0.01980301 0.02123747 0.02780176 0.00593719 0.005275568 0.004319577 0.002193728 0.001948811 0.002386881 0.003190859 0.003222395 0.003245613
0.0104412 -9999 0.01121833 0.2348638 0.233263 0.1085687 0.1583964 0.3060324 0.9151921 1.224724 0.6921758 0.8072237 0.3161599 0.1862591 0.07037567 0.02582693 0.01437748 0.08032706 0.03581299 0.0003525934 0 0.002239884 0.002866595 0.00633736 0.004886034 0.008710453 0.007270098 0.004966524 0.004166238 0.0008484198 0.000732412 0.01431293 0.01463076 0.01121354 0.01233596 0.01334289 0.0134209 0.01233754 0.009033654 0.008441155 0.008428648 0.009031756 0.009679159 0.007077744 0.01043922 0.01101887 0.02025273 0.02779089 0.1676243 0.07111758 0.07783353 0.07141864 0.08240473 0.04253409 0.1046695 0.1543123 0.07158525 0.08151236 0.02911011 0.02871571 0.04623625 0.01195524 0.005622227 0.002822716 0.002058828 0.002058828 0.002042857 0.001999066 0.002793652 0.003201853
-9999 -9999 -9999 0.2726645 0.341058 0.01278282 -9999 0.5565084 0.4171208 0.586252 0.6118921 0.7524418 0.6168712 0.8918161 0.2828798 0.07733075 0.02352662 0.005665694 0 0 0.00679543 0.0106995 0.007724266 0.006804621 0.007928749 0.008333731 0.003686578 0.003691032 0.001155298 -9999 0.0005957449 0.01149362 0.01395336 0.01193477 0.01328722 0.1519056 0.02235402 0.02161151 0.009282783 0.008849388 0.01345464 0.01276341 0.01001443 0.01132841 0.03119146 0.04120102 0.0752411 0.0760264 0.1356538 0.1060475 0.3061049 0.6711047 0.143263 0.0966875 0.2379557 0.41048 0.5658203 0.3536127 0.1487661 0.1100076 0.07405563 0.03421594 0.02073234 0.01931941 0.008949384 0.002803545 0.002095215 0.002090879 0.003133874 0.003194074
-9999 -9999 -9999 -9999 -9999 -9999 -9999 -9999 -9999 0.3128635 -1e+008 -1e+008 -1e+008 -1e+008 0.4679232 0.8928552 0.4791619 0.16359 0 0 5.619836e-005 0.2544206 0.08647977 0.006496268 0.005789565 0.006282083 0.00375389 0.00328203 0.04320548 0.0535192 0.01546693 0.01867667 0.009570566 0.005791674 0.006738942 0.01410306 0.0287611 0.03629651 0.2208183 0.0810793 0.08466405 0.1076566 0.08163939 0.1139037 0.1155941 0.08280877 1.202696 0.4353565 0.0976832 0.06532278 0.1294019 0.3294892 0.242527 0.2171372 0.1064459 0.08180243 0.2103352 4.146683 0.1755051 0.1183714 0.04636941 0.03896169 0.03152759 0.02919571 0.01468563 0.01522379 0.002733311 0.002107484 0.003345142 0.002498022
-9999 -9999 -9999 0.002315455 0.006569756 0.007410907 -9999 -9999 -9999 -9999 -1e+008 -1e+008 -1e+008 -1e+008 -1e+008 -1e+008 -1e+008 0.2127998 0.05457382 0 -9999 0.0001531486 0.002791884 0.005153724 0.00556125 0.005693309 0.003815484 0.01660222 0.1181987 0.4562634 0.1012839 0.07319298 0.005502492 0.02140783 0.003767148 0.005034857 0.02833781 0.03934553 0.09113171 0.6745715 0.1943163 0.4166868 0.05174017 0.1056059 0.5507798 0.09265356 0.08211033 0.03233723 0.06439434 0.0442979 0.1070295 0.1180476 0.1139949 0.1543436 0.04652445 0.112102 0.1269562 0.04941046 0.06931752 0.09183967 0.04326003 0.04193501 0.04054238 0.04054238 0.04051255 0.04053286 0.003690993 0.00147645 0.002461306 0.002269124
2.752907 0.9900255 2.483738 0.7244127 0.9418725 2.01246 1.40387 0.2534003 0.008105271 0.2155502 0.194593 -1e+008 -1e+008 -1e+008 -1e+008 -1e+008 -1e+008 0.2002054 0.3406001 0.01874189 -9999 -9999 0.001136692 8.189507e-005 0.004399743 0.0056717 0.01180382 0.05751369 0.09246188 0.1988968 0.7580658 0.1374918 0.03135796 0.006461062 0.05701504 0.00587306 0.02442816 0.05180597 0.2584804 2.792415 0.2319701 0.5902041 0.1769194 0.06597213 0.01726965 0.01962968 0.01728447 0.01565817 0.05185407 0.1523437 0.1579597 0.1775962 0.1438828 0.1881911 0.05120153 0.2431421 0.1026176 0.0326317 0.03345869 0.05514695 0.02938456 0.02834097 0.02913094 0.03916891 0.02935559 0.01439028 0.001646664 0.001010707 0.002250567 0.002321043
6.915425 3.952486 5.033465 3.167686 1.414226 1.792045 2.04968 1.743477 1.219907 2.123366 1.9522 0.8216676 0.5024435 0.5246645 1.366014 0.3638468 0.6494716 0.6060643 0.3393976 1.231321 0.4112549 -9999 0.03267416 0.01587006 0.004612623 0.007403338 0.01411672 0.06029945 0.07777523 0.05337774 0.02761038 0.02246039 0.1225757 0.08116669 0.2176132 0.3306709 0.2315897 0.3006254 0.7998814 0.6845647 0.639619 1.65593 1.386923 0.1073768 0.02355406 0.01740097 0.08309943 0.09707517 0.06180911 0.1160915 0.1531849 0.2277131 0.06004886 0.05799199 0.01659998 0.01201955 0.01195674 0.01131788 0.007727899 0.005067338 0.0004668105 0.0009406779 0.003624529 0.02396729 0.02693036 0.01613193 0.02225848 0.04715814 0.06550861 0.03397532
2.14983 2.698332 7.669264 6.035391 1.263739 1.063829 0.8426155 0.5784594 0.654566 0.4245856 0.5659673 0.6318143 0.5571291 0.5277941 0.517346 0.3416973 0.3130487 0.5909244 0.5930593 0.2986124 -9999 -9999 0.02024591 0.06070511 0.08085304 0.01174052 0.01760292 0.03811644 0.05820901 0.04103103 0.04512459 0.06322324 0.05710969 0.2740593 0.4495877 0.3196863 1.131686 0.6236605 0.1233157 0.0619536 0.02948595 0.0236837 0.02215538 0.02238376 0.03422224 0.439595 0.7088706 0.3148885 0.159088 0.153359 0.153831 0.16286 0.04192159 0.01880433 0.003516742 0.003516742 0.003283816 0.001369169 0.001384175 0.001367082 0.001093754 0.00140452 0.005246302 0.009720053 0.008676155 0.001352639 0.006677528 0.02036615 0.1470969 0.117001
1.516168 2.240522 3.08334 3.046404 1.88142 1.933053 2.3401 1.570751 2.018555 1.989895 1.867953 1.178074 0.7417058 0.7092451 0.7944933 0.8073683 0.7862881 0.646004 1.127436 0.002850897 -9999 -9999 -9999 0.004205052 0.01939648 0.048644 0.1164909 0.06581308 0.0974434 0.04592295 0.05861701 0.09880097 0.06280962 0.07645124 0.08366508 0.4477649 0.2988147 0.4568241 0.3112711 0.09170683 -1e+008 -1e+008 0.00280309 0.006427231 0.0264304 0.05271977 0.3900718 0.4915838 0.1195797 0.09101377 0.146326 0.06427865 0.02898419 0.004393249 0.00356681 0.003482389 0.00356681 0.00187206 0.001416198 0.001374122 0.003082343 0.004518698 0.00430942 0.004290988 0.004614999 0.004463905 0.007061374 0.01163123 0.009628634 0.01315821
2.028013 2.99856 3.121706 3.066523 3.374866 5.449228 3.952698 3.494127 2.030663 1.439411 1.729693 1.329478 1.060508 0.4588366 0.9625374 1.656601 1.680618 0.5170698 0.6310332 2.440165 0.5274165 -9999 -9999 0.0182488 0.4711054 0.5883654 0.3569493 0.4579648 0.336917 0.3240086 0.08299881 0.2033902 0.129423 0.06382744 -1e+008 -1e+008 -1e+008 -1e+008 -1e+008 -1e+008 -1e+008 -1e+008 -1e+008 -1e+008 -1e+008 0.01367151 0.1877088 0.09749173 0.04879273 0.2798128 0.1241321 0.04662729 0.02711768 0.005088768 0.003616213 0.003571492 0.003615402 0.0032243 0.001388233 0.001298346 0.002120061 0.00524573 0.005911961 0.007153764 0.005851452 0.005741799 0.0154624 0.02246116 0.0151818 0.02033052
1.823069 1.10341 3.208594 4.4785 1.951901 2.351463 4.92658 2.264815 0.8768198 1.004672 0.733246 1.191452 2.739299 0.514464 0.7137797 0.805391 0.8100352 0.453051 0.552599 0.7345003 1.332446 1.424161 1.857604 0.8928281 0.9458015 0.1598241 0.2019774 0.3722057 0.6055858 1.603242 1.009421 0.1211732 0.05813891 -1e+008 -1e+008 -1e+008 -1e+008 -1e+008 -1e+008 -1e+008 -1e+008 -1e+008 -1e+008 -1e+008 -1e+008 0.004623763 0.03791531 0.08807047 0.05878491 0.1415148 0.07721587 0.04697335 0.03125226 0.005250504 0.004330923 0.003663652 0.003152115 0.002363774 0.002167033 0.001805373 0.002081988 0.005332461 0.008737758 0.008974011 0.008716592 0.006680575 0.007286826 0.007619172 0.01380667 0.0433796
-9999 -9999 0.2932105 4.851974 0.2878584 0.6225935 3.397784 2.124616 0.9005231 1.035442 2.717947 0.490274 0.4984226 1.473329 2.369489 0.7605131 0.7965395 0.6385837 0.694683 0.7144213 1.906026 15.26825 0.4095995 0.2332793 0.08094405 0.05489998 0.09422237 0.3389734 0.345401 0.6149706 0.8381835 -1e+008 -1e+008 -1e+008 -1e+008 -1e+008 -1e+008 -1e+008 -1e+008 -1e+008 -1e+008 -1e+008 0.7082456 0.2447226 0.01330586 0.2863753 0.002354478 0.06673083 0.01975755 0.01879515 0.02720135 0.02428196 0.01225763 0.003389187 0.003029959 0.001936469 0.001381124 0.001644543 0.002108835 0.002060427 0.001988901 0.002041749 0.002206392 0.004136213 0.005897969 0.007076798 0.006081508 0.005594427 0.004816837 0.02669486
-9999 -9999 1.719672 3.515513 0.03665286 3.575031 3.36693 0.2748592 0.1508526 0.173942 1.487044 0.1204645 0.1286117 0.5068123 0.4808895 0.5563603 0.8538706 1.176477 1.397202 1.044552 0.8495591 0.7697363 0.1821109 0.08537212 0.05734612 0.04294048 0.02318031 0.05969627 0.1843673 0.2183221 -1e+008 -1e+008 -1e+008 -1e+008 -1e+008 -1e+008 -1e+008 -1e+008 -1e+008 -1e+008 -1e+008 -1e+008 2.010444 1.029893 1.152402 0.2491403 0.03938392 0.005717671 0.005114178 0.005316621 0.0007494278 0.0007506473 0.001075322 0.001203085 0.001277277 0.001308133 0.001317597 0.00139456 0.001857112 0.003369902 0.008623942 0.008060675 0.004663826 0.002928725 0.002683916 0.003412887 0.009705765 0.008899511 0.004706125 0.01898377
-9999 -9999 -9999 -9999 -9999 21.2151 1.164298 0.545728 0.1686234 0.1158419 0.1037075 0.1054625 0.1087446 0.4432043 8.638617 0.5618435 0.3707747 0.4918021 0.7764909 0.5314872 0.6766474 0.445629 0.1080513 0.02296664 0.02281742 0.02159891 0.01654965 0.03977633 0.09318482 0.1459127 -1e+008 -1e+008 -1e+008 -1e+008 -1e+008 -1e+008 -1e+008 -1e+008 -1e+008 -1e+008 -1e+008 1.474684 1.820805 2.256683 1.120493 0.6226973 0.01488739 0.006750391 0.006376422 0.001596047 0.0007713872 0.000908391 0.00141544 0.001220452 0.001209398 0.001241014 0.001338816 0.00135106 0.001515271 0.002154375 0.007431681 0.008482652 0.008473599 0.006174771 0.006450692 0.005635425 0.02946603 0.01818932 0.01553883 0.0141067
-9999 -9999 -9999 -9999 46.72458 36.47353 2.273755 0.1939611 0.0947234 0.103038 0.1101406 0.102719 0.09286656 0.1015982 1.475877 0.4687826 0.2807805 0.5308109 0.8119039 0.490737 0.7645531 1.967833 1.526546 0.2367017 0.1234512 0.040496 0.02684528 0.01628168 0.1058165 0.114016 -1e+008 -1e+008 -1e+008 -1e+008 -1e+008 -1e+008 -1e+008 -1e+008 -1e+008 -1e+008 0.9177085 1.01575 1.610312 3.085458 3.89498 2.072906 0.6867052 0.08927973 0.007022178 0.003940668 0.003981342 0.001567716 0.001678562 0.001237359 0.001205041 0.001306077 0.001333245 0.001352139 0.001546678 0.002059334 0.005935184 0.009578535 0.01651497 0.01816879 0.01899811 0.02181015 0.03263837 0.0282848 0.02441808 0.03350244
8.720495 8.357278 1.540569 0.2189405 42.54867 13.95929 1.400882 0.4432071 0.1019211 0.1018611 0.1035532 0.1023565 0.1031888 0.2485209 0.4367202 0.390686 0.5112429 0.6171582 5.964724 2.673701 0.4239722 0.3888453 0.7498194 0.3753699 0.1834354 0.08064725 0.1487131 0.1271713 0.07987101 0.02167267 -1e+008 -1e+008 -1e+008 -1e+008 -1e+008 -1e+008 -1e+008 -1e+008 -1e+008 -1e+008 0.6446906 1.013077 2.787135 4.466269 7.329298 4.987072 2.459282 1.201997 0.0969649 0.01443029 0.003884644 0.002344973 0.001611622 0.001965665 0.002451162 0.002710756 0.001618824 0.001334612 0.003993936 0.002660589 0.002933992 0.0234662 0.02922755 0.02630311 0.03332946 0.03412699 0.04410312 0.0508609 0.03119994 0.02952942
8.406741 33.37851 1.845269 0.1269364 3.974042 2.424187 0.05079176 0.07327741 0.2539631 0.3687405 0.3164744 0.220496 0.1098353 0.2629226 0.1172252 0.1001417 0.9233931 2.549141 1.059059 15.99115 5.191056 0.3710643 0.3466914 0.1781714 0.09662127 0.2282962 0.2320669 0.1511686 0.1490228 0.1380279 0.1314311 -1e+008 -1e+008 -1e+008 -1e+008 -1e+008 -1e+008 0.206164 0.1095167 0.1256007 0.8561159 2.688494 3.384002 3.448073 2.98156 3.716655 5.730811 2.183707 1.092526 0.283597 0.06020662 0.01109685 0.003535265 0.002636987 0.003095772 0.004448373 0.009092106 0.01038104 0.009863534 0.01887959 0.01991122 0.05124073 0.01977328 0.0132062 0.01785195 0.0197142 0.02445977 0.03674927 0.04005316 0.02575956
3.125932 13.21699 1.101397 0.03863543 0.6270443 0.2962495 0.07533193 0.1048782 0.2444567 0.3991371 0.361835 0.1580751 0.103975 0.118327 0.07588844 0.07128741 0.7570211 16.11229 12.67613 0.9144667 1.177179 0.6187018 1.501817 0.8686088 0.1664031 0.1665021 0.1470466 0.1647424 0.1546297 0.1474307 -1e+008 -1e+008 -1e+008 -1e+008 -1e+008 -1e+008 -1e+008 0.1157393 0.08540347 0.2916386 1.268419 2.507457 1.582452 1.07809 1.296223 2.578198 3.996369 3.450467 1.919529 1.179309 0.4598601 0.1711636 0.04207629 0.006544839 0.00577401 0.007727513 0.01220876 0.02873608 0.06951565 0.08846905 0.08190888 0.2489288 0.0348407 0.01841503 0.02012272 0.008725739 0.01116788 0.01602242 0.03598202 0.02965764
3.535059 0.05926989 3.075723 3.468059 0.1456111 0.4154043 0.3359838 0.3060309 0.2493636 0.3718774 0.3146702 0.284495 0.2483899 0.1772565 0.1049851 0.2473289 0.3952296 12.86253 21.18935 1.303549 0.05693486 0.2245456 0.2892039 0.415879 0.2655032 0.1477707 0.119956 0.1633424 0.1440585 0.08942178 0.09020324 0.07998018 0.03312633 0.01677893 0.01831157 0.02048877 0.0811543 0.2037989 1.14187 1.099184 1.620096 0.7336705 0.3637811 0.394919 0.5378475 1.668621 5.783511 20.11162 2.663843 2.479461 0.9686829 0.5736782 0.2886844 0.3222978 0.199016 0.0866152 0.02365636 0.02653761 0.03022291 0.04813962 0.02823062 0.03076821 0.03217403 0.01589525 0.07001477 0.07270351 0.02472541 -1e+008 -1e+008 0.06122311
2.633748 1.597733 0.6044288 0.8558352 0.01767258 0.1906607 0.4542655 0.5325342 0.4517622 0.4315741 0.3262037 0.3221824 0.3221824 0.487942 0.4722287 0.4881226 0.4109498 0.4109498 0.2542297 0.4198817 0.1968526 0.01784881 0.138375 0.1928264 0.1500396 0.2722254 0.3818395 0.1928251 0.08089592 0.05909363 0.06016513 0.08411815 0.08413599 0.0307582 0.02405853 0.02546857 0.06448132 1.232504 1.725299 1.117671 0.2889237 0.208281 0.2402106 0.6015753 0.9154658 1.756923 2.199063 2.565353 2.8498 2.171524 2.090348 1.848663 1.658528 1.551886 0.7711085 1.095556 0.2793083 0.2065667 0.6144819 0.1053347 0.08111425 0.1333239 0.07294752 0.1975745 0.5945753 -1e+008 -1e+008 -1e+008 -1e+008 0.1536197
0.003869664 3.870481 2.376438 0.1199344 0.101039 0.001280849 0.3225811 0.6803104 0.6948042 0.6065615 0.3249831 0.3250585 0.7864407 1.330881 1.170118 0.9388835 0.7875209 0.5026301 0.4146085 1.153912 8.580711 0.0592697 -9999 0.01617414 0.04100143 0.0972676 0.3139307 0.1947092 0.1079708 0.07577721 0.1535432 0.06390204 0.08445574 0.06776264 0.05635727 0.02646038 0.06424354 0.7453688 1.65379 0.7731475 0.1395636 0.1430325 0.6031978 0.9239036 1.182248 2.020215 1.38524 1.379656 1.584949 1.610907 3.307216 2.351155 2.645524 3.493155 2.345772 2.363119 1.550292 1.348441 2.786838 2.661119 1.224149 1.660094 1.470624 0.637123 1.140676 -1e+008 -1e+008 -1e+008 -1e+008 0.3473318
0.01035192 0.01035192 2.033818 0.02498174 0.126955 -9999 0.05646489 0.4558353 0.7326533 0.7177136 0.5045885 0.7464859 1.368065 1.285547 1.08733 0.9611825 0.9611825 0.8865461 0.418153 51.61592 1.061658 19.44532 0.002302505 -9999 0.005653453 24.65427 5.337567 0.01418662 0.0316257 0.04772304 0.08326121 0.06244625 0.05265157 0.05005831 0.03176012 0.02815219 0.09237919 1.582232 2.560125 1.443604 0.4860021 0.4570082 0.6181094 0.8388368 1.072627 1.017932 0.8220602 0.5787314 1.058863 0.8873973 1.150545 2.348064 3.449572 2.622554 2.199331 2.715849 2.012149 2.26665 3.581343 4.128808 1.142079 1.188395 0.5063711 0.4479834 -1e+008 -1e+008 -1e+008 -1e+008 -1e+008 0.5027657
0.01044003 0.01044003 1.28454 0.1372355 0.003800323 0.002140819 -9999 0.3189147 0.7334617 0.7394022 0.7302975 0.7540308 1.089178 0.9841732 0.9693613 0.9518136 0.9531608 0.8552649 0.4609356 0.3040198 0.4032418 1.780385 0.2972064 0.5150186 2.302227 22.15201 3.446373 0.01279642 -9999 -9999 -9999 -9999 -9999 -9999 -9999 -9999 0.9674688 6.008443 1.000491 0.6206092 0.2909124 0.9279483 1.578705 1.196224 1.142368 0.8817342 0.8391771 0.6807397 0.7432203 0.6958495 0.853723 1.168196 0.7621097 0.921537 1.419313 1.681545 1.450916 2.806154 4.449792 4.479585 4.800328 3.994051 1.830068 -1e+008 -1e+008 -1e+008 -1e+008 -1e+008 -1e+008 0.6662437
0.01051703 0.01051703 0.004323953 0.004013097 0.006417189 0.02163425 -9999 -9999 0.5938804 1.100086 0.7203252 1.840362 1.294925 0.9765137 0.9765137 0.9409696 0.9578451 0.9649011 0.5756935 0.4192561 0.424834 0.8971658 4.885064 5.529382 5.568894 2.955796 1.432915 4.128627 6.705811 0.02337342 -9999 -9999 -9999 -9999 -9999 -9999 -9999 0.005219686 0.09621345 0.2678289 0.3059887 0.7716929 5.037987 2.249968 1.497073 1.226657 0.9624083 1.382881 0.8407387 1.00886 1.034309 0.6449716 0.7744972 0.690833 1.064425 2.387756 3.636679 3.422169 5.099638 3.642923 9.837169 3.32932 0.4423352 -1e+008 -1e+008 -1e+008 -1e+008 -1e+008 -1e+008 -1e+008
0.01058834 0.005505959 0.001039368 9.777864e-005 0.003186093 0.003182409 0.00237188 -9999 0.07320231 2.921502 2.193176 3.019858 2.977395 1.526709 0.983796 0.9718453 0.9783165 0.983796 0.5076565 0.4280019 0.4280019 0.4275771 0.8423586 1.707 2.572618 0.8366014 0.4250197 1.184659 0.8690653 1.146195 -9999 -9999 -9999 -9999 -9999 -9999 -9999 -9999 0.01936282 0.7230273 1.899592 1.568137 4.412739 4.392358 1.463657 1.400031 1.06722 0.6851055 0.7599818 0.7703102 0.4974554 0.7135562 1.27381 0.8443869 0.9488363 1.084769 2.068685 4.478208 13.15611 2.582439 4.599087 3.299944 -1e+008 -1e+008 -1e+008 -1e+008 -1e+008 -1e+008 -1e+008 -1e+008
