data/raw/spatialecon-gecon-v4-gis-ascii/GIS data ASCII/MER2000/mer2000sum.asc
ncols         360
nrows         140
xllcorner     -180.0
yllcorner     -56.0
cellsize      1
NODATA_value  -9999
[rows 31 to 61 of 140, columns 70 to 139 of 360]
0.3016205 0.7047559 0.3616237 7.563528 0.3386713 0.3969059 0.1811807 0.0975429 0.05145897 0.05348257 0.006315023 0.006766747 0.01973665 0.03247848 0.03230708 0.02656032 0.009648826 0.009096722 0.01597947 0.004666287 0.01582691 0.01251755 0.02136915 0.004894783 0.004774596 0.004894783 0.004894783 0.04123725 0.04694507 5.244776e-006 1.08661e-006 0.0370052 0.001260296 0.001082705 0.001275081 0.001277273 0.001277273 0.001277273 0.001281506 0.0007511463 0 0 0.08697937 0.2902614 0.001760371 0.001611965 0.002043938 0.002520289 0.002574156 0.002547437 0.002690967 0.002724084 0.002841369 0.02803871 0.009940515 -9999 -9999 -9999 -9999 -9999 -9999 -9999 -9999 -9999 -9999 -9999 -9999 -9999 -9999 -9999
0.2650468 0.174525 0.264527 0.2241458 0.3942721 0.3669516 0.3125662 0.8505937 0.2240738 0.2780485 0.1226358 0.09572779 0.1263014 0.03035609 0.0156704 0.004965071 0.1118675 0.004911827 0.01476471 0.0328118 0.009896529 0.01212818 0.0345396 0.008161676 0.01182672 0.005255742 0.005599792 0.006127631 0.006178963 0.09118666 0.001223956 0.03745088 0.001302133 0.01257404 0.001306192 0.001306192 0.001120569 0.001260871 0.001161073 1.490597e-005 0.0001831017 0.0001519663 0.0006858885 0.0007823623 0.0001328542 0.0003985385 0 0 0 0 0.003873181 0.03130945 0.03013126 0.06765738 0.0709672 -9999 -9999 -9999 -9999 -9999 -9999 -9999 -9999 -9999 -9999 -9999 -9999 -9999 -9999 -9999
0.1045059 0.1364217 0.5288801 0.107965 1.163653 5.763057 0.6062935 0.6695595 0.3036259 0.2385729 0.4077853 0.1789722 0.8316005 1.243861 0.09809676 0.02715177 0.07377627 0.02157198 0.09227724 0.02272876 0.02176147 0.01561045 0.01845659 0.03465314 0.006313745 0.006313745 0.006313745 0.006313745 0.006313745 0.006173194 0.00373711 0.001334595 0.001282623 0.001232802 0.001334595 0.02450163 0.04837652 0.000566807 0.001676224 1.941105e-005 0.0003311309 0.0003397403 0.01873398 1.024516 0.02395085 0.02287987 0.0537929 0.008528901 0.02023804 0.0206854 0.01150279 0.000950587 0.0798186 0.08222071 0.004774662 -9999 -9999 -9999 -9999 -9999 -9999 -9999 -9999 -9999 -9999 -9999 -9999 -9999 -9999 -9999
0.1020571 0.1298549 0.1002316 0.1285767 0.230063 0.1704881 0.6482678 0.6877326 0.1952372 0.3786185 1.031476 1.022779 17.08374 1.955033 0.09617804 0.4598112 0.05037595 0.2221078 0.05112121 0.01855036 0.0237026 0.06413642 0.02727569 0.1665187 0.1160134 0.08007137 0.2074281 0.3625784 0.2106358 0.02141673 0.008203648 0.001356372 0.09709974 0.04789608 0.02332954 0.2368796 2.085274e-005 0.03178625 0.002058339 1.1907e-005 0.000119683 0.6019847 0.06035779 0.1393851 0.07218068 0.07080621 0.002935871 0.003124457 0.0004736493 -9999 -9999 0.1030504 0.2743743 0.2212202 0.4910205 0.4081191 0.07875109 -9999 -9999 -9999 -9999 -9999 -9999 -9999 -9999 -9999 -9999 -9999 -9999 -9999
0.4234272 0.1158099 0.07039911 0.1943012 0.2480228 0.1935652 0.6096656 0.2201464 1.901115 0.3940478 0.4630846 0.5953832 0.8631799 0.9171344 0.6994246 0.2390414 0.8073663 0.101993 0.1369386 0.0405995 3.788897 0.1390347 0.1200131 0.1734051 0.05459741 0.1066097 0.03395693 0.0249349 0.994702 0.5207781 1.280751 1.172077 0.8060794 0.003308953 0.002214472 0.0348187 0.000768976 1.303631 2.930851 0.7387456 0.2869478 1.372318 0.8288237 0.4495901 0.3481489 0.4850156 -9999 -9999 -9999 -9999 0.03785382 0.3299614 0.2741091 0.032118 0.1968212 0.3425565 0.5288895 0.04153223 -9999 -9999 -9999 -9999 -9999 -9999 -9999 -9999 -9999 -9999 -9999 -9999
0.2361814 0.03851572 0.02162938 0.03187396 0.06034743 0.4446938 0.1430625 0.2488503 0.5848499 0.2986014 0.3900097 0.3300433 2.725749 1.302282 0.902406 1.365548 1.41195 2.41501 0.7188016 0.1837535 0.01364408 0.8528768 0.005617106 0 0.001525109 0.08005348 0.1153058 0.03654307 0.04202653 0.07393103 0.7066163 0.08960421 0.1847918 0.004173258 0.0008901405 0.03431757 0.01671551 0.3806954 0.2731303 0.9872552 1.132636 1.3612 0.5055957 0.4250811 1.484713 0.5883964 -9999 0.003616318 0.2403557 0.002167088 0.08304279 0.05226732 0.04122474 -9999 0.3543719 0.1165475 1.773697 4.055001 -9999 -9999 -9999 -9999 -9999 -9999 -9999 -9999 -9999 -9999 -9999 -9999
0.1316423 0.3060021 0.1563779 0.1441903 0.268766 0.1036331 0.1856935 0.7642319 0.2669714 2.997213 0.2714566 1.016084 0.8922722 6.676157 2.46468 2.791129 1.136982 5.909554 1.035078 1.036502 0.6396773 0.7623737 2.026917 0.3530873 0.3398708 3.132694 0.2719326 0.5277278 1.356224 2.098056 1.690466 0.1315223 0.1253323 0.137176 0.7753065 0.9352948 2.68274 5.790729 17.41873 2.380529 0.07001086 0.6274209 2.099977 0.6850321 0.9046717 2.986031 2.360129 0.4557871 0.1210846 1.017352 0.1528822 -9999 -9999 -9999 0.05338177 0.01895875 0.112921 0.01706248 -9999 -9999 -9999 -9999 -9999 -9999 -9999 -9999 -9999 -9999 -9999 -9999
0.4422342 3.864277 0.2067911 0.1696638 0.0428589 0.03257866 0.06551518 0.1290446 0.1338112 0.3188213 0.336664 1.54377 0.6976461 0.9968292 3.12912 8.315903 52.16553 9.596821 2.843756 1.457016 3.60821 1.647106 3.248385 0.2867672 1.29044 2.763555 1.04802 0.09252391 0.2164384 0.28448 1.390563 0.3403819 1.175899 3.515615 19.30583 7.152502 83.36783 8.496877 4.207916 0.6132692 0.6307537 1.038208 0.7635618 3.812842 1.541351 1.515825 1.687839 1.099274 0.4784867 0.8206518 0.08109772 -9999 -9999 -9999 -9999 -9999 -9999 -9999 -9999 -9999 -9999 -9999 -9999 -9999 -9999 -9999 -9999 -9999 -9999 -9999
0.4842576 0.6389397 0.642125 1.011407 1.244697 0.3591802 3.957094 0.1625795 0.1365249 0.7480175 0.2773326 1.040473 1.577961 1.870574 2.533598 4.662249 85.78736 17.43077 8.048697 3.434104 8.745203 21.28013 7.199496 1.139112 6.055801 2.905165 1.673685 0.06307638 1.726243 4.340404 14.33203 7.09095 4.941669 6.143991 5.295328 2.602354 9.888852 5.795475 2.545949 5.899159 7.995084 4.975084 0.5720385 0.2322466 0.8913241 1.655884 7.637709 0.1461182 -9999 -9999 -9999 -9999 -9999 -9999 -9999 -9999 -9999 -9999 -9999 -9999 -9999 -9999 -9999 -9999 -9999 -9999 -9999 -9999 -9999 -9999
0.2231651 0.7224469 0.1702475 0.1850227 0.1121489 0.2758354 0.7310477 0.4655025 0.1993821 0.2271615 0.4935436 1.085615 1.625431 8.758833 2.954237 2.806813 4.43293 4.953076 6.289153 3.780714 20.50201 34.65335 26.42007 8.067783 12.17152 12.22429 21.64893 4.12396 5.883271 39.5467 206.2015 18.97496 33.60738 19.69614 12.14438 3.085403 10.11772 7.248085 14.53747 20.93903 2.156457 -9999 -9999 0.2560416 0.4597494 0.01986899 -9999 -9999 -9999 -9999 -9999 -9999 -9999 -9999 -9999 -9999 -9999 -9999 -9999 -9999 -9999 -9999 -9999 -9999 -9999 -9999 -9999 -9999 -9999 -9999
0.1414907 0.4002849 0.01927974 2.911326 0.4663679 0.5644497 0.2421602 0.590383 0.09863802 0.1142767 0.201413 0.639923 2.599005 6.544361 2.516808 3.294069 5.21313 7.807536 7.332246 6.239486 20.07283 69.32566 76.9574 8.952481 38.02058 26.66813 184.0196 47.15098 9.55102 8.769848 9.42878 36.05426 10.75301 17.95483 10.55767 7.54815 37.67694 35.15289 229.4827 42.24969 -9999 -9999 -9999 -9999 -9999 -9999 -9999 -9999 -9999 -9999 -9999 -9999 -9999 -9999 -9999 -9999 -9999 -9999 -9999 -9999 -9999 -9999 -9999 -9999 -9999 -9999 -9999 -9999 -9999 -9999
1.51306 0.02826346 0.4153514 0.154235 1.229909 3.23386 1.491338 0.3926196 0.3497286 0.9980632 0.4487857 0.8713117 2.395226 19.03929 15.02364 2.865676 21.66527 4.367347 12.10398 15.50117 7.205492 76.60915 238.8795 21.64794 27.34057 11.05517 33.85889 16.07599 106.3944 25.50697 6.482303 4.679763 4.480633 8.061694 20.61036 47.41052 150.4393 90.6144 56.12524 23.73564 0.8235222 -9999 -9999 -9999 -9999 -9999 -9999 -9999 -9999 -9999 -9999 -9999 -9999 -9999 -9999 -9999 -9999 -9999 -9999 -9999 -9999 -9999 -9999 -9999 -9999 -9999 -9999 -9999 -9999 -9999
0.6187689 0.0748658 0.6804746 0.901505 21.69834 6.332985 1.531881 0.5572792 0.3880799 0.8204936 2.3383 3.761448 2.028841 11.69499 2.590509 1.614777 1.320639 2.25286 4.684702 4.872301 16.33201 12.91316 5.352768 19.66714 17.92405 15.30335 24.09641 27.8787 26.57945 46.74429 57.02544 12.26274 13.66111 43.31659 133.4685 365.8122 532.2515 14.93688 -9999 -9999 -9999 -9999 -9999 -9999 -9999 -9999 -9999 -9999 -9999 -9999 -9999 -9999 -9999 -9999 -9999 -9999 -9999 -9999 -9999 -9999 -9999 -9999 -9999 -9999 -9999 -9999 -9999 -9999 -9999 -9999
0.1895815 4.128769 2.219297 3.78568 55.6782 63.70966 0.5733268 0.4083236 0.5523731 0.3782597 0.7105963 0.5499376 1.089023 3.797791 7.605989 40.74869 2.823226 3.32307 4.748283 3.9762 11.83345 8.756631 7.719655 55.73131 17.92201 103.4729 24.36202 26.34359 7.541469 7.846314 7.557113 8.469762 71.65089 109.9459 128.7266 38.44427 -9999 -9999 -9999 -9999 -9999 -9999 -9999 -9999 -9999 -9999 -9999 -9999 -9999 -9999 -9999 -9999 -9999 -9999 -9999 -9999 -9999 -9999 -9999 -9999 -9999 -9999 -9999 -9999 -9999 -9999 -9999 -9999 -9999 -9999
0.261688 0.7703803 1.370062 0.6923795 2.092276 23.82886 0.5575857 0.5645524 0.3172936 0.7214717 1.286035 1.742224 6.15435 1.716161 7.118768 34.59165 4.014746 9.54981 4.897731 98.69893 12.19712 4.35289 8.928935 7.012793 44.19468 20.49716 4.919466 11.84674 11.03007 2.178384 2.896703 14.43177 135.0097 45.60797 13.94219 1.225066 -9999 -9999 -9999 -9999 -9999 -9999 -9999 -9999 -9999 -9999 -9999 -9999 -9999 -9999 -9999 -9999 -9999 -9999 -9999 -9999 -9999 -9999 -9999 -9999 -9999 -9999 -9999 -9999 -9999 -9999 -9999 -9999 -9999 -9999
0.1783929 1.085566 1.750828 0.6229817 0.7334047 0.6858213 0.3424462 0.1726905 0.6935143 2.24802 0.7257611 0.9291271 18.9196 2.124584 2.832392 6.544505 11.40117 3.917475 2.08913 3.254194 7.520847 6.555452 13.38747 5.488423 8.043958 13.5235 3.820645 6.503207 7.084548 9.292242 14.32702 5.000311 45.78975 20.231 1.214142 -9999 -9999 -9999 -9999 -9999 -9999 -9999 -9999 -9999 -9999 -9999 -9999 -9999 -9999 -9999 -9999 -9999 -9999 -9999 -9999 -9999 -9999 -9999 -9999 -9999 -9999 -9999 -9999 -9999 -9999 -9999 -9999 -9999 -9999 -9999
0.5948318 2.486963 0.7442893 0.6100323 1.122998 0.3476318 0.1279233 0.4665366 1.063425 0.6634667 0.7079368 0.8450418 4.645581 5.342235 24.27323 11.93137 5.696218 2.706601 2.003897 4.183256 5.166815 6.928817 11.13611 41.80593 5.465744 7.608426 12.03451 16.29842 7.95668 22.46248 28.14195 12.63986 5.134628 42.69245 2.72531 -9999 -9999 -9999 -9999 -9999 -9999 -9999 -9999 -9999 -9999 -9999 -9999 -9999 -9999 -9999 -9999 -9999 -9999 -9999 -9999 -9999 -9999 -9999 -9999 -9999 -9999 -9999 -9999 -9999 -9999 -9999 -9999 -9999 -9999 -9999
0.5836098 1.301173 0.851091 27.56916 4.334847 0.1070192 0.2929573 0.5603592 8.293354 1.181967 0.9639749 1.923267 34.79678 4.604599 6.538374 8.348247 3.309895 4.609367 3.75803 14.78181 33.16905 7.555159 6.247069 17.86236 16.17968 16.28976 13.31842 19.54929 31.5823 65.80901 22.74776 55.07973 18.89414 2.338279 0.6407882 -9999 -9999 -9999 -9999 -9999 -9999 -9999 -9999 -9999 -9999 -9999 -9999 -9999 -9999 -9999 -9999 -9999 -9999 -9999 -9999 -9999 -9999 -9999 -9999 -9999 -9999 -9999 -9999 -9999 -9999 -9999 -9999 -9999 -9999 -9999
0.6408274 0.101638 0.2764657 4.157714 0.1466247 0.1047667 1.899313 1.680433 2.076813 0.4850251 1.666971 4.973683 3.797499 2.289406 1.539593 1.708795 3.600992 21.30912 2.486336 4.68622 6.051726 6.43764 8.025096 20.00819 13.76313 48.26166 17.93067 29.50014 17.32783 13.9804 12.05867 7.846874 13.7526 2.910141 -9999 -9999 -9999 -9999 -9999 -9999 -9999 -9999 -9999 -9999 -9999 -9999 -9999 -9999 -9999 -9999 -9999 -9999 -9999 -9999 -9999 -9999 -9999 -9999 -9999 -9999 -9999 -9999 -9999 -9999 -9999 -9999 -9999 -9999 -9999 -9999
0.230994 0.09297583 0.3047735 0.240574 0.614442 1.558019 0.1683289 2.011637 8.562678 0.1742677 0.4849282 5.059215 15.53109 41.81216 4.07159 6.287411 2.884179 3.099722 3.022041 3.373356 2.714458 4.846818 10.43117 34.44477 9.247762 147.1869 19.02587 12.04413 14.04215 12.06417 6.773746 4.901896 0.1498982 -9999 -9999 -9999 -9999 -9999 -9999 -9999 -9999 -9999 -9999 -9999 -9999 -9999 -9999 -9999 -9999 -9999 -9999 -9999 -9999 -9999 -9999 -9999 -9999 -9999 -9999 -9999 -9999 -9999 -9999 -9999 -9999 -9999 -9999 -9999 -9999 -9999
0.9617559 0.8098197 0.9786021 4.036285 1.188009 1.519472 1.64232 3.143764 1.692191 1.719634 5.380232 3.005934 78.04504 124.1404 11.67688 10.32135 14.35397 7.464308 3.212738 14.76132 4.715247 3.545008 2.376519 12.21727 7.713397 11.514 14.56197 4.4419 10.47963 14.56252 6.716596 -9999 -9999 -9999 -9999 -9999 -9999 -9999 -9999 -9999 -9999 -9999 -9999 -9999 -9999 -9999 -9999 -9999 -9999 -9999 -9999 -9999 -9999 -9999 -9999 -9999 -9999 -9999 -9999 -9999 -9999 -9999 -9999 -9999 -9999 -9999 -9999 -9999 -9999 -9999
1.191296 0.2272433 0.2922865 28.84039 0.2015212 0.06859826 0.5342321 6.374974 0.7701139 3.662232 1.154883 2.050357 16.74767 2.511463 3.615763 5.576053 3.304393 6.264188 2.366809 3.485553 6.627027 2.198946 2.634072 2.864167 7.183582 6.226943 6.26023 4.546334 9.207294 0.5357663 -9999 -9999 -9999 -9999 -9999 -9999 -9999 -9999 -9999 -9999 -9999 -9999 -9999 -9999 -9999 -9999 -9999 -9999 -9999 -9999 -9999 -9999 -9999 -9999 -9999 -9999 -9999 -9999 -9999 -9999 -9999 -9999 -9999 -9999 -9999 -9999 -9999 -9999 -9999 -9999
0.2979697 0.1535022 0.6644412 0.09462952 0.09212215 0.102843 0.2347998 0.2834905 0.1115201 0.2183464 1.622291 5.15437 52.56767 7.703238 34.88807 9.178769 10.28755 12.99395 22.41818 23.848 15.10395 16.3458 14.60761 7.606745 6.265073 11.19918 5.831709 3.332502 35.83027 -9999 -9999 -9999 -9999 -9999 -9999 -9999 -9999 -9999 -9999 -9999 -9999 -9999 -9999 -9999 -9999 -9999 -9999 -9999 -9999 -9999 -9999 -9999 -9999 -9999 -9999 -9999 -9999 -9999 -9999 -9999 -9999 -9999 -9999 -9999 -9999 -9999 -9999 -9999 -9999 -9999
0.1227386 0.2423982 0.4821738 3.471076 0.1464595 0.2102569 0.127672 0.6025463 0.5498974 1.098558 1.821932 62.70776 5.641601 4.034499 183.0496 10.52266 3.396557 0.9928305 3.379161 33.42808 3.485879 -9999 -9999 -9999 0.3146131 0.180152 0.4029257 13.51311 14.54532 1.414679 -9999 -9999 -9999 -9999 -9999 -9999 -9999 -9999 -9999 -9999 -9999 -9999 -9999 -9999 -9999 -9999 -9999 -9999 -9999 -9999 -9999 -9999 -9999 -9999 -9999 -9999 -9999 -9999 -9999 -9999 -9999 -9999 -9999 -9999 -9999 -9999 -9999 -9999 -9999 -9999
0.81935 0.2699635 1.036643 3.366696 2.023299 0.2569863 0.0904839 0.4213775 0.830479 2.656273 0.6278961 0.9821241 3.666127 3.391222 1.376952 -9999 -9999 -9999 -9999 -9999 0.002292657 -9999 -9999 -9999 -9999 -9999 -9999 42.81079 64.55907 14.62358 -9999 -9999 -9999 -9999 -9999 -9999 -9999 -9999 -9999 -9999 -9999 -9999 -9999 -9999 -9999 -9999 -9999 -9999 -9999 -9999 -9999 -9999 -9999 -9999 -9999 -9999 -9999 -9999 -9999 -9999 -9999 -9999 -9999 -9999 -9999 -9999 -9999 -9999 -9999 -9999
2.773489 0.3394032 0.6606976 0.373463 0.9971834 0.3309536 0.07170226 0.1111005 1.386051 0.2251758 7.014895 1.59132 12.97871 0.00809558 -9999 -9999 -9999 -9999 -9999 -9999 -9999 -9999 -9999 -9999 -9999 -9999 -9999 70.03079 8.033266 17.72904 -9999 0.008091638 0.0004972362 -9999 -9999 -9999 -9999 -9999 -9999 -9999 -9999 -9999 -9999 -9999 -9999 -9999 -9999 -9999 -9999 -9999 -9999 -9999 -9999 -9999 -9999 -9999 -9999 -9999 -9999 -9999 -9999 -9999 -9999 -9999 -9999 -9999 -9999 -9999 -9999 -9999
1.665568 0.9413106 0.5243258 0.3372995 0.3138049 0.2165859 0.5523046 0.6178598 2.225329 0.9884439 0.8803494 11.02924 5.771348 -9999 -9999 -9999 -9999 -9999 -9999 -9999 -9999 -9999 -9999 -9999 -9999 -9999 -9999 5.16932 24.43144 110.4799 -9999 0.846864 0.372628 0.002560434 -9999 -9999 -9999 -9999 -9999 -9999 -9999 -9999 -9999 -9999 -9999 -9999 -9999 -9999 -9999 -9999 -9999 -9999 -9999 -9999 -9999 -9999 -9999 -9999 -9999 -9999 -9999 -9999 -9999 -9999 -9999 -9999 -9999 -9999 -9999 -9999
0.7056404 2.586595 1.084965 0.2166457 0.2092424 0.2584446 6.320642 0.4403701 2.560085 38.35674 2.069239 3.950742 6.78804 -9999 -9999 -9999 -9999 -9999 -9999 -9999 -9999 -9999 -9999 -9999 -9999 -9999 -9999 -9999 0.8689583 76.33144 0.03591171 0.01034103 3.902362 0.1351604 -9999 -9999 -9999 -9999 -9999 -9999 -9999 -9999 -9999 -9999 -9999 -9999 -9999 -9999 -9999 -9999 -9999 -9999 -9999 -9999 -9999 -9999 -9999 -9999 -9999 -9999 -9999 -9999 -9999 -9999 -9999 -9999 -9999 -9999 -9999 -9999
0.01525767 0.03309315 3.99768 0.4344165 0.8378188 1.334751 1.305068 0.1063544 0.9976466 1.477478 1.20316 0.3861596 0.1244129 -9999 -9999 -9999 -9999 -9999 -9999 -9999 -9999 -9999 -9999 -9999 -9999 -9999 -9999 -9999 -9999 0.3957825 -9999 0.05856661 0.6203592 0.1153126 0.03444936 0.01597306 -9999 -9999 -9999 -9999 -9999 -9999 -9999 -9999 -9999 -9999 -9999 -9999 -9999 -9999 -9999 -9999 -9999 -9999 -9999 -9999 -9999 -9999 -9999 -9999 -9999 -9999 -9999 -9999 -9999 -9999 -9999 -9999 -9999 -9999
0.7305043 -9999 0.007713052 2.004843 0.9092661 1.288943 0.8802348 0.632154 0.2404644 1.19616 2.593077 0.4481302 0.08715635 -9999 -9999 -9999 -9999 -9999 -9999 -9999 -9999 -9999 -9999 -9999 -9999 -9999 -1e+008 -1e+008 -1e+008 -1e+008 -1e+008 -9999 0.02202471 0.01277555 0.08308731 0.02202304 0.0005698635 -9999 -9999 -9999 -9999 -9999 -9999 -9999 -9999 -9999 -9999 -9999 -9999 -9999 -9999 -9999 -9999 -9999 -9999 -9999 -9999 -9999 -9999 -9999 -9999 -9999 -9999 -9999 -9999 -9999 -9999 -9999 -9999 -9999
0.04535904 -9999 -9999 0.008148147 0.7999385 0.2518929 0.7148584 4.654103 2.849175 3.287791 1.315019 2.071894 3.009151 -9999 -9999 -9999 -9999 -9999 -9999 -9999 -9999 -9999 -9999 -9999 -9999 -1e+008 -1e+008 -1e+008 -1e+008 -1e+008 -1e+008 -1e+008 -1e+008 -9999 0.001437872 0.01915296 0.007512589 0.002882393 -9999 -9999 -9999 -9999 -9999 -9999 -9999 -9999 -9999 -9999 -9999 -9999 -9999 -9999 -9999 -9999 -9999 -9999 -9999 -9999 -9999 -9999 -9999 -9999 -9999 -9999 -9999 -9999 -9999 -9999 -9999 -9999
