data/raw/spatialecon-gecon-v4-gis-ascii/GIS data ASCII/MER1990/mer1990sum.asc
ncols         360
nrows         140
xllcorner     -180.0
yllcorner     -56.0
cellsize      1
NODATA_value  -9999
[rows 31 to 61 of 140, columns 70 to 139 of 360]
0.2642117 0.5978123 0.312199 5.923304 0.2919893 0.3510247 0.1692947 0.09041819 0.04470006 0.04031957 0.005344679 0.005718073 0.01369384 0.02444461 0.02163441 0.02169883 0.007747477 0.003800085 0.01408491 0.003770765 0.0114331 0.01026068 0.02039651 0.003955412 0.003858305 0.003955412 0.003955412 0.02965998 0.03125719 2.812597e-006 4.506499e-007 0.02070154 0.001622705 0.001394082 0.001641741 0.001644569 0.001644569 0.001644569 0.001630551 0.000966323 0 0 0.08785041 0.2754985 0.001735845 0.001582862 0.001672732 0.002009145 0.002011213 0.001990356 0.002312258 0.002400085 0.002706769 0.02488695 0.008950596 -9999 -9999 -9999 -9999 -9999 -9999 -9999 -9999 -9999 -9999 -9999 -9999 -9999 -9999 -9999
0.236674 0.1615607 0.2311615 0.1918204 0.3393986 0.338115 0.3068538 0.7787988 0.2006093 0.25209 0.1038649 0.07331946 0.08122745 0.02168524 0.0117863 0.004012321 0.100434 0.003969267 0.01402663 0.03006428 0.008189416 0.01009732 0.0200406 0.006868917 0.00966832 0.004334363 0.004731929 0.005342139 0.005401495 0.06084314 0.001227725 0.0274435 0.00167657 0.0104502 0.001681799 0.001681799 0.001442752 0.001614208 0.001229704 2.417436e-005 8.652933e-005 7.180512e-005 0.0004069955 0.0004667967 0.0001310051 0.0003929664 0 0 0 0 0.003593422 0.0281746 0.0254767 0.06793762 0.0743341 -9999 -9999 -9999 -9999 -9999 -9999 -9999 -9999 -9999 -9999 -9999 -9999 -9999 -9999 -9999
0.09418573 0.1234922 0.464512 0.1071406 1.028755 4.781022 0.5144161 0.6414483 0.2785665 0.1955134 0.3551562 0.1467258 0.6290777 0.9378565 0.08121639 0.02319417 0.06499833 0.01706083 0.07514383 0.01924484 0.01534675 0.01310766 0.01549745 0.03217239 0.005519271 0.005519271 0.005519271 0.005519271 0.005519271 0.005396404 0.003552421 0.001718484 0.001651564 0.001587422 0.001718484 0.02122033 0.02722954 0.0005978289 0.001569601 2.674915e-005 0.0001565315 0.0001606033 0.01671256 0.8802335 0.01969918 0.01914786 0.04678944 0.007917089 0.01744574 0.01728655 0.01070939 0.0008819269 0.0802242 0.08803088 0.005413474 -9999 -9999 -9999 -9999 -9999 -9999 -9999 -9999 -9999 -9999 -9999 -9999 -9999 -9999 -9999
0.0897065 0.1191253 0.1003181 0.1273718 0.2247005 0.1655266 0.5835378 0.6009801 0.1784094 0.3237502 0.8586032 0.8401288 14.00771 1.474162 0.07409733 0.3782077 0.03762431 0.1817742 0.04678219 0.01554591 0.02217671 0.05643517 0.02379769 0.1431589 0.1149622 0.0723687 0.1914949 0.3406189 0.197053 0.01753609 0.00769474 0.001743094 0.08524852 0.03854912 0.01436951 0.1995986 5.340996e-005 0.02884687 0.001841202 2.228338e-005 3.337526e-005 0.5392598 0.05571989 0.1266644 0.06828759 0.06693371 0.002527915 0.002690306 0.0004078158 -9999 -9999 0.1006173 0.2584567 0.2256824 0.4831868 0.4170363 0.07801906 -9999 -9999 -9999 -9999 -9999 -9999 -9999 -9999 -9999 -9999 -9999 -9999 -9999
0.4387709 0.1196067 0.07151443 0.1682899 0.2105882 0.1758765 0.5626193 0.221953 1.594093 0.36663 0.4067287 0.5467975 0.7667773 0.7480274 0.498608 0.189381 0.694563 0.07193792 0.1150183 0.02786181 3.280748 0.124583 0.1105678 0.1584519 0.04669611 0.0940843 0.03044326 0.02239277 0.904708 0.4919352 1.153502 1.028152 0.6824905 0.002879434 0.002276883 0.02342734 0.000733769 1.110811 2.507594 0.6358304 0.2499588 1.140779 0.7356125 0.3957266 0.315388 0.4526573 -9999 -9999 -9999 -9999 0.03827349 0.3115046 0.2557221 0.03202562 0.183764 0.3125799 0.5190846 0.03848422 -9999 -9999 -9999 -9999 -9999 -9999 -9999 -9999 -9999 -9999 -9999 -9999
0.2380443 0.03900243 0.02378319 0.03183467 0.06069819 0.4185126 0.1379828 0.1933895 0.5420366 0.2828198 0.4122492 0.3322276 2.369818 1.08317 0.6455473 0.9032466 1.049818 1.985981 0.5203823 0.1218581 0.007638498 0.6892591 0.001704132 0 0.001308387 0.0708136 0.1031423 0.03301196 0.03808592 0.06803972 0.6303043 0.07858459 0.1590126 0.005169373 0.0009035995 0.02529252 0.01196263 0.3331381 0.2123582 0.84039 0.9617453 1.211493 0.4422685 0.3830781 1.319692 0.5119348 -9999 0.003363363 0.2182165 0.00201703 0.0865508 0.05675057 0.04507836 -9999 0.3504835 0.1197233 1.561719 3.478544 -9999 -9999 -9999 -9999 -9999 -9999 -9999 -9999 -9999 -9999 -9999 -9999
0.1244923 0.223193 0.1188114 0.1542072 0.2627278 0.1038688 0.1694278 0.6334846 0.2188634 2.153102 0.2562685 0.8869237 0.6996966 4.702924 1.748518 1.821315 0.7223365 4.346806 0.7472798 0.8068145 0.491928 0.6090493 1.843308 0.259543 0.2528172 2.611387 0.2372979 0.479576 1.173588 1.8319 1.435126 0.1109072 0.1038563 0.1076445 0.6360589 0.6506373 2.107426 4.855164 13.85218 1.943466 0.06039614 0.5963358 1.983137 0.5430089 0.7695482 2.344453 1.851759 0.3753023 0.1102196 0.931179 0.1403681 -9999 -9999 -9999 0.0539511 0.01799397 0.1116985 0.0166297 -9999 -9999 -9999 -9999 -9999 -9999 -9999 -9999 -9999 -9999 -9999 -9999
0.3023184 2.996144 0.1705941 0.1629482 0.04646622 0.03324233 0.05628347 0.1318112 0.09349883 0.2407974 0.2721194 1.182876 0.5766698 0.8589512 2.325218 5.691419 34.09524 6.069376 1.991222 1.113405 2.465076 1.14826 2.566623 0.208933 0.8040207 1.845747 0.8358744 0.06862581 0.1600242 0.2306744 1.062393 0.2694304 0.9406952 2.616986 14.13865 5.308057 65.32054 6.605211 3.359812 0.4963192 0.5683745 0.9555273 0.6544289 3.135267 1.278536 1.243124 1.352966 0.9530883 0.4259377 0.7493147 0.07445951 -9999 -9999 -9999 -9999 -9999 -9999 -9999 -9999 -9999 -9999 -9999 -9999 -9999 -9999 -9999 -9999 -9999 -9999 -9999
0.4081936 0.5762828 0.5778688 0.8957555 1.096758 0.3089032 2.997782 0.1012807 0.1158244 0.5328329 0.2171251 0.8688908 1.123874 1.375102 2.139308 3.626889 57.97281 10.73248 5.795646 2.554858 6.231254 14.73352 5.030845 0.7935597 3.890675 1.90369 1.449885 0.04662814 1.439238 3.173546 8.957191 5.347437 3.960475 4.766101 4.25604 2.101519 7.93415 4.532642 1.969949 5.140599 6.84271 4.108254 0.4963577 0.2011708 0.8072256 1.351238 5.863909 0.1150058 -9999 -9999 -9999 -9999 -9999 -9999 -9999 -9999 -9999 -9999 -9999 -9999 -9999 -9999 -9999 -9999 -9999 -9999 -9999 -9999 -9999 -9999
0.1748363 0.6582954 0.1528606 0.1680058 0.1002906 0.2538657 0.4861703 0.2921014 0.1571719 0.1808495 0.4377688 0.7779271 1.163115 5.687515 2.486367 2.398281 3.729824 3.85759 4.901516 2.786524 13.89999 23.72189 21.72468 6.039161 8.324558 9.231087 17.77716 3.012097 4.646292 28.7699 147.3691 14.7517 28.47506 17.37125 10.89996 2.442612 7.729711 5.611568 9.628174 16.18473 1.879318 -9999 -9999 0.2213296 0.4055097 0.01846256 -9999 -9999 -9999 -9999 -9999 -9999 -9999 -9999 -9999 -9999 -9999 -9999 -9999 -9999 -9999 -9999 -9999 -9999 -9999 -9999 -9999 -9999 -9999 -9999
0.1074828 0.353138 0.0195271 2.599828 0.4033955 0.571132 0.2258044 0.5688077 0.09890189 0.1176168 0.2295295 0.6418341 2.091015 4.838504 2.140145 2.748 4.12101 6.288181 5.279249 4.929159 15.39923 44.81226 57.22185 6.254807 28.22667 20.44945 136.561 35.94464 7.395921 7.157533 7.920291 31.31946 8.581203 15.38538 9.420156 6.294137 30.71279 28.27389 158.6324 29.38553 -9999 -9999 -9999 -9999 -9999 -9999 -9999 -9999 -9999 -9999 -9999 -9999 -9999 -9999 -9999 -9999 -9999 -9999 -9999 -9999 -9999 -9999 -9999 -9999 -9999 -9999 -9999 -9999 -9999 -9999
1.454969 0.02905278 0.4487053 0.166862 1.117983 2.911981 1.286729 0.3872034 0.3067075 0.8405265 0.4421827 0.8323241 2.070721 12.72211 11.22991 2.183224 15.3361 3.490687 8.72655 12.76285 5.818158 48.59409 183.3516 16.26712 19.76294 8.481026 27.30027 12.29746 86.08984 21.62554 5.42941 3.733438 3.679703 6.541537 16.26865 36.25456 107.7956 74.07715 43.19455 16.05804 0.5896244 -9999 -9999 -9999 -9999 -9999 -9999 -9999 -9999 -9999 -9999 -9999 -9999 -9999 -9999 -9999 -9999 -9999 -9999 -9999 -9999 -9999 -9999 -9999 -9999 -9999 -9999 -9999 -9999 -9999
0.4513043 0.068281 0.4567265 0.4861664 11.53923 3.563167 1.115084 0.4903555 0.4218498 0.7460841 1.962495 3.179687 1.880098 8.144663 2.113768 1.299573 1.025401 1.828342 3.860127 3.965676 12.88161 9.982298 4.501359 13.24089 13.8741 12.07495 16.11964 19.64183 20.49303 37.80322 46.85354 10.24872 10.60931 34.42997 101.4937 276.4717 416.1893 10.31472 -9999 -9999 -9999 -9999 -9999 -9999 -9999 -9999 -9999 -9999 -9999 -9999 -9999 -9999 -9999 -9999 -9999 -9999 -9999 -9999 -9999 -9999 -9999 -9999 -9999 -9999 -9999 -9999 -9999 -9999 -9999 -9999
0.1244505 2.482203 1.125921 1.672549 30.86252 33.64051 0.307027 0.4071486 0.5326557 0.3885217 0.653761 0.6007336 1.050569 3.263948 6.010273 31.33856 2.241162 2.488016 3.682881 3.126039 9.550565 7.214087 6.304954 38.74635 11.56763 79.57555 17.64673 19.41129 6.237411 6.669383 6.076728 6.322689 50.01793 88.44559 101.9214 31.05007 -9999 -9999 -9999 -9999 -9999 -9999 -9999 -9999 -9999 -9999 -9999 -9999 -9999 -9999 -9999 -9999 -9999 -9999 -9999 -9999 -9999 -9999 -9999 -9999 -9999 -9999 -9999 -9999 -9999 -9999 -9999 -9999 -9999 -9999
0.1631289 0.4261969 0.7593507 0.4006476 1.088836 14.19048 0.4434946 0.4877563 0.3929336 0.6892479 1.161894 1.602954 5.027814 1.4045 4.770451 21.6312 2.865127 6.485382 3.312947 78.46355 9.20574 3.575681 6.836626 4.860522 33.88361 14.4908 3.697665 10.2213 9.175297 1.85944 2.224338 10.02716 92.82085 37.66805 9.324868 1.005117 -9999 -9999 -9999 -9999 -9999 -9999 -9999 -9999 -9999 -9999 -9999 -9999 -9999 -9999 -9999 -9999 -9999 -9999 -9999 -9999 -9999 -9999 -9999 -9999 -9999 -9999 -9999 -9999 -9999 -9999 -9999 -9999 -9999 -9999
0.1291104 0.616432 0.9139658 0.4388625 0.5453217 0.4413581 0.2652061 0.159684 0.6414742 1.76949 0.684702 0.8477482 14.84244 1.640153 2.556833 4.892594 7.588472 2.767654 1.497394 2.316689 5.895369 5.455317 11.09456 4.169288 5.994823 9.707194 3.026417 6.012909 6.440054 7.138514 10.72374 3.340655 32.18156 14.31118 0.8730998 -9999 -9999 -9999 -9999 -9999 -9999 -9999 -9999 -9999 -9999 -9999 -9999 -9999 -9999 -9999 -9999 -9999 -9999 -9999 -9999 -9999 -9999 -9999 -9999 -9999 -9999 -9999 -9999 -9999 -9999 -9999 -9999 -9999 -9999 -9999
0.3940051 1.600744 0.4095969 0.3158136 0.6592367 0.2605304 0.1013958 0.4168699 0.8126702 0.6290303 0.6955755 0.8374637 4.210454 4.196406 18.44086 7.15313 3.452071 1.825743 1.412798 3.026966 4.204329 5.27003 6.910085 26.93863 3.785575 5.53499 8.760776 12.69739 5.7465 17.1049 20.69076 8.752944 3.858256 31.87176 1.795362 -9999 -9999 -9999 -9999 -9999 -9999 -9999 -9999 -9999 -9999 -9999 -9999 -9999 -9999 -9999 -9999 -9999 -9999 -9999 -9999 -9999 -9999 -9999 -9999 -9999 -9999 -9999 -9999 -9999 -9999 -9999 -9999 -9999 -9999 -9999
0.3982041 0.8548965 0.5815081 17.49779 2.823787 0.07196495 0.2547656 0.3900907 6.628068 1.11323 0.8960359 1.648182 25.98138 3.671241 4.941596 5.950256 2.291057 2.81317 2.714171 11.89022 22.43764 5.136921 3.967287 10.09656 11.66802 11.04908 9.469971 13.48262 22.70203 39.9579 15.20433 32.35605 14.06113 1.816656 0.4070919 -9999 -9999 -9999 -9999 -9999 -9999 -9999 -9999 -9999 -9999 -9999 -9999 -9999 -9999 -9999 -9999 -9999 -9999 -9999 -9999 -9999 -9999 -9999 -9999 -9999 -9999 -9999 -9999 -9999 -9999 -9999 -9999 -9999 -9999 -9999
0.368513 0.06136954 0.1730962 2.284439 0.08699568 0.07740807 1.461014 1.642531 1.915995 0.5174636 1.626887 4.348169 3.108231 1.837969 1.209216 1.258744 2.511874 15.41934 2.028273 3.445699 3.819981 4.878379 6.370934 15.56928 9.868448 21.63423 10.02016 21.29079 13.67152 9.922666 9.06765 5.171789 8.797052 2.011662 -9999 -9999 -9999 -9999 -9999 -9999 -9999 -9999 -9999 -9999 -9999 -9999 -9999 -9999 -9999 -9999 -9999 -9999 -9999 -9999 -9999 -9999 -9999 -9999 -9999 -9999 -9999 -9999 -9999 -9999 -9999 -9999 -9999 -9999 -9999 -9999
0.1581089 0.05724988 0.2037116 0.1675413 0.3754695 1.288473 0.1365148 1.79926 7.001533 0.1850503 0.5439583 4.217159 7.930887 18.34705 3.179098 5.138587 2.213927 2.612572 2.477481 2.979397 2.16617 4.002715 7.962886 25.35562 7.270344 88.0899 10.87516 9.183765 10.59025 9.783728 4.815269 2.979562 0.08776074 -9999 -9999 -9999 -9999 -9999 -9999 -9999 -9999 -9999 -9999 -9999 -9999 -9999 -9999 -9999 -9999 -9999 -9999 -9999 -9999 -9999 -9999 -9999 -9999 -9999 -9999 -9999 -9999 -9999 -9999 -9999 -9999 -9999 -9999 -9999 -9999 -9999
0.6481727 0.5814088 0.5978707 2.752025 0.827226 1.175456 1.302682 2.782155 1.570252 1.505795 4.180286 2.250521 51.36355 82.30616 7.829126 8.071538 12.17941 6.121542 2.706769 11.29591 3.016245 2.989933 1.94093 9.169083 5.7546 8.636099 10.66172 3.348061 7.6792 10.15113 5.068161 -9999 -9999 -9999 -9999 -9999 -9999 -9999 -9999 -9999 -9999 -9999 -9999 -9999 -9999 -9999 -9999 -9999 -9999 -9999 -9999 -9999 -9999 -9999 -9999 -9999 -9999 -9999 -9999 -9999 -9999 -9999 -9999 -9999 -9999 -9999 -9999 -9999 -9999 -9999
0.8510287 0.1567269 0.1701245 19.29392 0.1294686 0.06612037 0.5750822 5.359947 0.5688927 2.985922 0.9566458 1.522515 11.96583 1.958758 2.65981 4.249103 2.918353 5.504987 2.044844 2.625211 5.023777 1.735793 2.04988 2.280485 5.868965 4.794498 4.502943 3.318194 6.053237 0.3390098 -9999 -9999 -9999 -9999 -9999 -9999 -9999 -9999 -9999 -9999 -9999 -9999 -9999 -9999 -9999 -9999 -9999 -9999 -9999 -9999 -9999 -9999 -9999 -9999 -9999 -9999 -9999 -9999 -9999 -9999 -9999 -9999 -9999 -9999 -9999 -9999 -9999 -9999 -9999 -9999
0.2257933 0.1264092 0.5125746 0.07795905 0.07522105 0.09456103 0.193811 0.2528896 0.1029979 0.201614 1.230459 2.579281 25.53081 5.343755 18.85282 6.853807 8.405443 9.846812 18.19782 17.78657 11.02405 12.75409 9.844344 4.717878 4.399032 7.601426 4.119885 2.291176 23.56244 -9999 -9999 -9999 -9999 -9999 -9999 -9999 -9999 -9999 -9999 -9999 -9999 -9999 -9999 -9999 -9999 -9999 -9999 -9999 -9999 -9999 -9999 -9999 -9999 -9999 -9999 -9999 -9999 -9999 -9999 -9999 -9999 -9999 -9999 -9999 -9999 -9999 -9999 -9999 -9999 -9999
0.1200438 0.2205272 0.4502303 2.399644 0.1115395 0.1703862 0.08610587 0.269009 0.265574 0.7967803 1.221179 39.86713 3.726781 3.028245 114.8024 7.759387 3.063383 0.8241866 2.854412 28.38488 3.053504 -9999 -9999 -9999 0.2721172 0.1022255 0.2704892 9.16698 9.979881 1.072492 -9999 -9999 -9999 -9999 -9999 -9999 -9999 -9999 -9999 -9999 -9999 -9999 -9999 -9999 -9999 -9999 -9999 -9999 -9999 -9999 -9999 -9999 -9999 -9999 -9999 -9999 -9999 -9999 -9999 -9999 -9999 -9999 -9999 -9999 -9999 -9999 -9999 -9999 -9999 -9999
0.6322697 0.239557 0.8884155 2.39341 1.551372 0.2244359 0.07603382 0.3530304 0.6827312 1.74626 0.4531399 0.6967521 2.762506 2.65866 1.087032 -9999 -9999 -9999 -9999 -9999 0.002399771 -9999 -9999 -9999 -9999 -9999 -9999 27.98104 40.47721 10.55562 -9999 -9999 -9999 -9999 -9999 -9999 -9999 -9999 -9999 -9999 -9999 -9999 -9999 -9999 -9999 -9999 -9999 -9999 -9999 -9999 -9999 -9999 -9999 -9999 -9999 -9999 -9999 -9999 -9999 -9999 -9999 -9999 -9999 -9999 -9999 -9999 -9999 -9999 -9999 -9999
2.169173 0.2972488 0.4925931 0.3478588 0.8190683 0.2782878 0.07235312 0.0864291 1.131079 0.1872532 4.148064 1.163661 10.04665 0.004416143 -9999 -9999 -9999 -9999 -9999 -9999 -9999 -9999 -9999 -9999 -9999 -9999 -9999 50.41394 5.825709 11.98798 -9999 0.007627289 0.0003402284 -9999 -9999 -9999 -9999 -9999 -9999 -9999 -9999 -9999 -9999 -9999 -9999 -9999 -9999 -9999 -9999 -9999 -9999 -9999 -9999 -9999 -9999 -9999 -9999 -9999 -9999 -9999 -9999 -9999 -9999 -9999 -9999 -9999 -9999 -9999 -9999 -9999
1.152255 0.7435325 0.3707217 0.2874165 0.3194992 0.2009296 0.554614 0.5814172 1.735253 0.6635036 0.6672131 6.439496 3.848889 -9999 -9999 -9999 -9999 -9999 -9999 -9999 -9999 -9999 -9999 -9999 -9999 -9999 -9999 3.412168 14.68263 76.21243 -9999 0.8070624 0.2894715 0.001751954 -9999 -9999 -9999 -9999 -9999 -9999 -9999 -9999 -9999 -9999 -9999 -9999 -9999 -9999 -9999 -9999 -9999 -9999 -9999 -9999 -9999 -9999 -9999 -9999 -9999 -9999 -9999 -9999 -9999 -9999 -9999 -9999 -9999 -9999 -9999 -9999
0.5107063 2.068992 0.8500156 0.1894032 0.2014539 0.2493482 4.770229 0.3864206 1.705579 26.06268 1.528769 2.481765 4.48204 -9999 -9999 -9999 -9999 -9999 -9999 -9999 -9999 -9999 -9999 -9999 -9999 -9999 -9999 -9999 0.4705846 57.09578 0.03055901 0.009826973 2.851644 0.1141102 -9999 -9999 -9999 -9999 -9999 -9999 -9999 -9999 -9999 -9999 -9999 -9999 -9999 -9999 -9999 -9999 -9999 -9999 -9999 -9999 -9999 -9999 -9999 -9999 -9999 -9999 -9999 -9999 -9999 -9999 -9999 -9999 -9999 -9999 -9999 -9999
0.008852755 0.02340646 2.811017 0.3056529 0.6788843 1.070841 1.043999 0.1072412 0.6883075 1.106296 1.011552 0.3353488 0.09959915 -9999 -9999 -9999 -9999 -9999 -9999 -9999 -9999 -9999 -9999 -9999 -9999 -9999 -9999 -9999 -9999 0.3149389 -9999 0.05565521 0.4684135 0.09808914 0.03141141 0.007944148 -9999 -9999 -9999 -9999 -9999 -9999 -9999 -9999 -9999 -9999 -9999 -9999 -9999 -9999 -9999 -9999 -9999 -9999 -9999 -9999 -9999 -9999 -9999 -9999 -9999 -9999 -9999 -9999 -9999 -9999 -9999 -9999 -9999 -9999
0.4238508 -9999 0.004047634 1.425406 0.6859106 0.9710473 0.7383423 0.4902017 0.2030696 1.006603 1.861745 0.3822484 0.06737304 -9999 -9999 -9999 -9999 -9999 -9999 -9999 -9999 -9999 -9999 -9999 -9999 -9999 0.003299923 8.729099 0.8337427 0.07326151 0.00138606 -9999 0.02092984 0.01134057 0.07442542 0.0181913 0.0005045031 -9999 -9999 -9999 -9999 -9999 -9999 -9999 -9999 -9999 -9999 -9999 -9999 -9999 -9999 -9999 -9999 -9999 -9999 -9999 -9999 -9999 -9999 -9999 -9999 -9999 -9999 -9999 -9999 -9999 -9999 -9999 -9999 -9999
0.02631807 -9999 -9999 0.006901726 0.6837795 0.1992461 0.6599695 3.329376 2.041004 2.311818 1.08174 1.624601 2.281255 -9999 -9999 -9999 -9999 -9999 -9999 -9999 -9999 -9999 -9999 -9999 -9999 0.3021064 2.317801 2.72328 1.668147 3.323315 2.726458 0.5609261 0.03327796 -9999 0.0008902343 0.0186681 0.007104601 0.003069627 -9999 -9999 -9999 -9999 -9999 -9999 -9999 -9999 -9999 -9999 -9999 -9999 -9999 -9999 -9999 -9999 -9999 -9999 -9999 -9999 -9999 -9999 -9999 -9999 -9999 -9999 -9999 -9999 -9999 -9999 -9999 -9999
