data/raw/spatialecon-gecon-v4-gis-ascii/GIS data ASCII/MER1990/mer1990sum.asc
ncols         360
nrows         140
xllcorner     -180.0
yllcorner     -56.0
cellsize      1
NODATA_value  -9999
[rows 0 to 30 of 140, columns 210 to 279 of 360]
-9999 -9999 -9999 -9999 -9999 -9999 -9999 -9999 -9999 -9999 -9999 -9999 -9999 -9999 -9999 -9999 -9999 -9999 -9999 -9999 -9999 -9999 -9999 -9999 -9999 -9999 -9999 -9999 -9999 -9999 -9999 -9999 -9999 -9999 -9999 -9999 -9999 -9999 -9999 -9999 -9999 -9999 -9999 -9999 -9999 -9999 -9999 -9999 -9999 -9999 -9999 -9999 -9999 -9999 -9999 -9999 -9999 -9999 -9999 -9999 -9999 -9999 -9999 -9999 -9999 -9999 -9999 -9999 -9999 -9999
-9999 -9999 -9999 -9999 -9999 -9999 -9999 -9999 -9999 -9999 -9999 -9999 -9999 -9999 -9999 -9999 -9999 -9999 -9999 -9999 -9999 -9999 -9999 -9999 -9999 -9999 -9999 -9999 -9999 -9999 -9999 -9999 -9999 -9999 -9999 -9999 -9999 -9999 -9999 -9999 -9999 -9999 -9999 -9999 -9999 -9999 -9999 -9999 -9999 -9999 -9999 -9999 -9999 -9999 -9999 -9999 -9999 -9999 -9999 -9999 -9999 -9999 -9999 -9999 -9999 -9999 -9999 -9999 -9999 -9999
-9999 -9999 -9999 -9999 -9999 -9999 -9999 -9999 -9999 -9999 -9999 -9999 -9999 -9999 -9999 -9999 -9999 -9999 -9999 -9999 2.609798e-005 -9999 -9999 -9999 2.171503e-005 3.691721e-005 8.939632e-005 0.0001308598 0.000132782 4.202415e-005 3.14819e-005 3.079431e-005 3.066118e-005 3.978266e-005 6.384656e-005 2.008631e-005 -9999 -9999 -9999 -9999 -9999 -9999 -9999 -9999 -9999 -9999 -9999 -9999 -9999 -9999 -9999 -9999 -9999 -9999 -9999 -9999 -9999 -9999 -9999 0 1.630934e-005 1.230788e-005 -9999 7.28375e-007 9.165236e-006 2.829467e-005 8.263168e-006 -9999 -9999 -9999
-9999 -9999 -9999 -9999 -9999 -9999 -9999 -9999 -9999 -9999 -9999 -9999 -9999 -9999 8.370055e-007 4.362473e-005 0.0001027114 0.0001526797 0.0002053598 0.0002038751 0.0001868242 5.637557e-005 4.977276e-005 9.821611e-005 0.0001166068 0.0001377008 0.000275991 0.0002751951 0.0001775936 0.0001390651 0.0002225745 0.0001874598 4.346248e-005 0.0001265633 0.0001214836 2.404759e-005 -9999 -9999 -9999 -9999 -9999 -9999 -9999 -9999 -9999 -9999 -9999 -9999 0 1.394423e-005 4.884136e-006 -9999 -9999 -9999 -9999 -9999 -9999 -9999 -9999 -9999 0 1.216306e-005 4.423169e-005 0.0001206646 0.0001255113 0.0001224762 0.0001181621 5.801927e-005 4.896883e-006 2.589408e-006
-9999 -9999 -9999 -9999 -9999 -9999 -9999 -9999 -9999 -9999 -9999 -9999 -9999 -9999 -9999 -9999 -9999 -9999 -9999 -9999 2.67685e-005 1.523262e-005 -9999 -9999 -9999 -9999 -9999 -9999 1.180907e-005 2.767147e-005 -9999 -9999 -9999 -9999 -9999 -9999 -9999 -9999 -9999 -9999 -9999 -9999 -9999 -9999 -9999 -9999 1.264717e-005 5.620155e-006 -9999 -9999 -9999 -9999 -9999 -9999 -9999 -9999 -9999 -9999 -9999 -9999 -9999 2.54372e-005 4.664068e-005 3.635848e-005 8.995e-005 0.0001426483 0.0001479689 0.0001392373 0.0001401493 0.0001240476
-9999 -9999 -9999 -9999 -9999 -9999 -9999 -9999 -9999 -9999 -9999 -9999 -9999 -9999 -9999 -9999 -9999 -9999 -9999 -9999 -9999 -9999 -9999 -9999 -9999 -9999 -9999 -9999 -9999 -9999 -9999 -9999 -9999 -9999 -9999 -9999 -9999 -9999 -9999 -9999 -9999 -9999 -9999 -9999 -9999 -9999 -9999 -9999 -9999 -9999 -9999 -9999 -9999 -9999 -9999 -9999 -9999 -9999 -9999 -9999 -9999 -9999 -9999 9.082779e-007 -9999 0 1.457086e-006 2.374576e-005 3.291547e-005 3.915023e-005
-9999 -9999 -9999 -9999 -9999 -9999 -9999 -9999 -9999 -9999 -9999 -9999 -9999 -9999 -9999 -9999 -9999 -9999 -9999 -9999 -9999 -9999 -9999 -9999 -9999 -9999 -9999 -9999 -9999 -9999 -9999 -9999 -9999 -9999 -9999 -9999 -9999 1.111504e-007 0 -9999 -9999 -9999 -9999 -9999 -9999 -9999 -9999 -9999 -9999 -9999 -9999 -9999 2.210003e-006 -9999 -9999 -9999 -9999 -9999 3.447665e-006 1.013457e-005 -9999 1.180704e-006 0 -9999 -9999 6.538128e-006 1.221282e-005 -9999 -9999 3.454539e-006
-9999 -9999 -9999 -9999 -9999 -9999 -9999 -9999 -9999 -9999 -9999 -9999 -9999 -9999 -9999 -9999 -9999 -9999 -9999 -9999 -9999 -9999 -9999 -9999 -9999 -9999 -9999 -9999 -9999 6.022275e-006 5.621639e-005 0.0001788577 0.0001561223 0.0001889347 0.0002561611 0.0003608913 0.000538762 0.0005427093 0.0003315025 -9999 -9999 -9999 -9999 -9999 -9999 -9999 -9999 -9999 -9999 -9999 -9999 -9999 -9999 -9999 -9999 -9999 -9999 -9999 -9999 -9999 -9999 -9999 5.033583e-007 1.221843e-005 3.378296e-005 5.510608e-005 3.596026e-005 1.711705e-005 3.604741e-005 6.876136e-005
-9999 -9999 -9999 -9999 -9999 -9999 -9999 -9999 -9999 -9999 -9999 -9999 -9999 -9999 -9999 -9999 -9999 -9999 -9999 -9999 -9999 -9999 -9999 -9999 -9999 1.498406e-005 0.0001226056 0.0002903364 0.0005195461 0.0006510912 0.0006687924 0.0005068883 0.0003638207 0.0002579951 0.0001785329 9.00326e-005 1.250465e-005 -9999 -9999 -9999 -9999 -9999 -9999 -9999 -9999 -9999 -9999 -9999 -9999 -9999 -9999 1.389237e-005 1.722142e-005 2.256229e-006 -9999 -9999 1.828595e-006 2.029253e-005 5.424572e-005 9.757493e-005 0.0001251116 0.0001382279 0.000161384 0.000192086 0.0002052975 0.0002020216 0.0001948608 0.0002011837 0.0002061018 0.0002135755
-9999 -9999 -9999 -9999 -9999 -9999 -9999 -9999 -9999 -9999 -9999 -9999 -9999 -9999 -9999 -9999 -9999 -9999 -9999 -9999 -9999 -9999 -9999 -9999 2.570102e-005 0.0002681357 0.0006640913 0.0007345286 0.0005669203 0.0002905765 7.739579e-005 -9999 -9999 -9999 -9999 -9999 -9999 -9999 -9999 -9999 -9999 -9999 -9999 -9999 -9999 -9999 -9999 -9999 -9999 4.740409e-006 -9999 -9999 6.52186e-006 7.606233e-006 8.222079e-006 3.729457e-005 0.0001108137 0.0002052366 0.0002196675 0.0002196675 0.0002196675 0.0002196675 0.0002196675 0.0002196675 0.0002196675 0.0002196675 0.0002196675 0.0002207062 0.000237984 0.0002544805
-9999 -9999 -9999 -9999 -9999 -9999 -9999 -9999 -9999 -9999 -9999 -9999 -9999 -9999 -9999 -9999 -9999 -9999 -9999 -9999 -9999 -9999 -9999 0.0001786211 0.0006296143 0.0007697119 0.0006404493 0.0002561373 2.545015e-006 -9999 -9999 -9999 -9999 -9999 -9999 -9999 -9999 -9999 -9999 5.181111e-005 0.002209037 0.0008492937 -9999 -9999 0.0003722723 0.0002519983 0.0002708727 -9999 4.255586e-007 5.451221e-006 5.559844e-005 0.000140563 0.0001495095 0.0001522066 0.0001719279 0.0001775712 0.0002088947 0.0002308161 0.0006447354 0.0009271613 0.001031285 0.0003798741 0.0002802392 0.0002732778 0.0002569437 0.0002646673 0.0003774116 0.0004365406 0.0004521825 0.0004521825
-9999 -9999 -9999 -9999 -9999 -9999 -9999 -9999 -9999 -9999 -9999 -9999 -9999 -9999 -9999 -9999 -9999 -9999 -9999 -9999 -9999 4.147333e-005 0.0003265319 0.0008237744 0.0008564412 0.000527038 2.935704e-005 -9999 -9999 -9999 -9999 -9999 -9999 -9999 -9999 -9999 -9999 -9999 0.0008558729 0.005017397 0.005085548 0.00503176 0.003249373 -9999 0.0008132159 0.002553751 0.0002449593 0.002146293 0.001883282 0.000387931 0.0001035353 0.0001618355 0.0003157591 0.0004771439 0.0004400538 0.0008476019 0.002802466 0.00282868 0.0037834 0.004898942 0.004902252 0.004002883 0.001595322 0.0004934157 0.0004790849 0.0004790849 0.0004790849 0.0004790849 0.0004790849 0.0004790849
-9999 -9999 -9999 -9999 -9999 -9999 -9999 -9999 -9999 -9999 -9999 -9999 -9999 -9999 -9999 -9999 -9999 -9999 -9999 -9999 -9999 0.0002190207 0.0005713883 0.0007091507 0.0008904521 0.0006951349 8.956921e-005 -9999 -9999 -9999 -9999 -9999 -9999 -9999 -9999 -9999 0.0002649172 0.002400945 0.005001524 0.006113964 0.006113964 0.005980735 0.001715724 0.003424478 0.006812658 0.003482874 0.004004698 0.004750577 0.006244374 0.004891846 0.001319281 0.0006505887 0.0004520215 0.0006023415 0.0008618521 0.0008618521 0.0008618521 0.0008618521 0.002654164 0.005132176 0.005172244 0.005172244 0.005172244 0.002318317 0.0005054876 0.0005054876 0.0005054876 0.0005054876 0.0005054876 0.0005054876
0.1357103 0.003322343 -9999 -9999 -9999 -9999 -9999 -9999 -9999 -9999 -9999 -9999 -9999 -9999 -9999 -9999 -9999 -9999 -9999 -9999 -9999 -9999 0 8.040993e-005 0.0002764915 0.0003454539 0.0003411454 0.0001065844 0.0001450086 0.0002616322 9.120437e-006 -9999 -9999 -9999 -9999 -9999 0.0004468976 0.004888011 0.006430882 0.006430882 0.00573618 0.006426164 0.004260054 0.0005334897 0.006602379 0.007304936 0.007376387 0.007352701 0.007016208 0.006145078 0.003084773 0.0009017225 0.0006999312 0.0006436581 0.0009065657 0.001041706 0.003142204 0.002778153 0.003950866 0.005421485 0.005440574 0.005440574 0.005346799 0.002560309 0.0005317125 0.0005317125 0.0005317125 0.0005317125 0.0005317125 0.0005317125
0.1350057 0.08649938 0.3958829 1.953149 0.1336737 0.1342968 0.03117578 -9999 -9999 -9999 -9999 -9999 -9999 -9999 -9999 -9999 -9999 -9999 0.0003133442 0.000430441 5.117889e-005 -9999 -9999 -9999 0 -9999 -9999 -9999 2.207777e-005 0.0002076572 0.0004947358 0.000788561 0.0007251103 0.0006300574 0.0006185168 0.0008880966 0.0005178452 0.002991002 0.006079205 0.006607058 0.006329245 0.006708868 0.003868971 0.001730192 0.006757774 0.006022928 0.006601437 0.007745587 0.007703825 0.004405294 0.002456019 0.002387668 0.001348019 0.0008840178 0.001848716 0.005151318 0.005550733 0.004950949 1.334945 0.005252041 0.005295634 0.005210139 0.001501158 0.0005517243 0.0005446979 0.0004940478 0.0004531211 0.0004131976 0.0003951058 0.0003774739
0.1004565 0.09637653 0.5656709 1.087146 0.03477436 0.03855542 0.131768 0.1085275 0.003785156 0.001070925 0 -9999 -9999 9.340862e-005 0.000483177 0.0005120808 0.0001254364 -9999 0.0002035567 0.0001668894 0.0002661303 0.0004836376 0.0005755133 0.0007405331 0.0002673651 0.0005749736 0.0006260759 0.000683359 0.0009396987 0.0005621401 0.0007825244 0.001037477 0.00104318 0.001569134 0.04500797 0.05604693 0.005706577 0.003818856 0.002851745 0.006976917 0.007016595 0.006913294 0.006422667 0.001438287 0.005987938 0.01813344 0.02380719 0.006025473 0.008014317 0.008110046 0.008110046 0.008110046 0.006241434 0.003509041 0.004837235 0.005993464 0.006019403 0.005625985 0.00546897 0.005521475 0.005108208 0.005435863 0.005240003 0.003537461 0.0006337036 0.0003564716 0.0003581347 0.0003581347 0.0003581347 0.0003581347
0.2050689 0.2986978 0.6923416 0.5937567 0.2007928 0.01139615 0.01096487 0.01093542 0.01093542 0.01093124 0.008908982 0.001078771 -9999 7.140743e-005 0.0009675609 0.0004895889 0.0001349009 0.0001314541 0.0007560468 0.001014064 0.001074827 0.00108924 0.001265812 0.001286001 0.07753581 0.00130585 0.001289628 0.001273423 0.001389803 0.001662342 0.001442803 0.004184684 0.05173153 0.2012067 0.3070287 0.253538 0.02645506 0.006445502 0.006469002 0.007202771 0.007368902 0.00699306 0.004209959 0.0007058915 0.01061501 0.0167521 0.02163413 0.01971574 0.01093749 0.008257914 0.008466654 0.008355685 0.003893798 0.002838437 0.004711934 0.02252168 0.02615376 0.0154692 0.007815738 0.004420984 0.004549977 0.00304367 0.0006057456 0.0003658178 0.0003685925 0.0003668405 0.0003739096 0.0003741924 0.0003741924 0.0003741924
0.07476092 0.07702 0.07278286 0.02225874 0.009689684 0.01016621 0.01197034 0.01360397 0.0141095 0.01234346 0.006597672 0.002315239 0.003233734 0.001945012 0.00242094 0.001701135 0.001020392 0.001058632 0.001448303 0.002715254 0.005511771 0.009819785 0.01325402 0.01919253 0.01887055 0.01730296 0.01730317 0.351255 0.02898168 0.06722912 0.06742677 0.07112586 0.1966034 0.242298 0.1113159 0.00879436 0.8486279 0.006718989 0.007098812 0.009090636 0.009186829 0.00715966 0.008311196 0.01490976 0.01744906 0.01931824 1.326336 0.03067331 0.02986602 0.01645649 0.00708204 0.006761015 0.005344077 0.003321301 0.002288494 0.00902394 0.02260354 0.01011404 0.002210151 0.001460466 0.000568951 0.0003899385 0.0003899287 0.000375066 0.0003792841 0.0003853599 0.0003899973 0.0003899973 0.0003899973 0.0003899973
0.02506825 0.01572854 0.01692296 0.01984632 0.01265847 0.003255445 0.001012825 0.001393399 -9999 0.00197643 0.0154183 0.0124765 0.009778528 0.008562258 0.007512564 0.007431532 0.007127045 0.006411835 0.007544768 0.01305178 0.01377846 0.01377846 0.01620663 0.04037106 0.0405251 0.02674209 0.02556898 0.4484655 0.03204003 0.06101278 0.07087108 0.06956533 0.03538222 0.01155661 0.01155661 0.0113494 0.01124535 0.009268458 0.007392839 0.008699355 0.01478291 0.01814832 0.6752421 0.01814832 0.01814832 0.02293656 0.03151152 0.03190222 0.03190222 0.02658249 0.006845901 0.005395235 0.005395235 0.005220155 0.00377344 0.002379844 0.002379844 0.00225681 0.001991047 0.0006572644 0.0004040131 0.0004004257 0.0004055685 0.0004055685 0.0004055685 0.0004055685 0.0004055685 0.0004055685 0.0004055685 0.0004055685
0.1862285 0.01710702 0.02051191 0.03967349 0.1054942 0.01602555 0.005457105 0.0115751 0.01347328 0.6965134 1.28789 0.02602769 0.02588928 0.02149495 0.01864221 0.01333409 0.01221926 0.01292682 0.01249724 0.01499198 0.01844782 0.03836099 0.1514834 0.09856211 0.04683945 0.04421025 0.02795476 0.02130106 0.02070837 0.0207308 0.02522848 0.01920271 0.01790281 0.014569 0.01469985 0.0149877 0.01174452 0.01199589 0.01042775 0.009214675 0.0143953 0.01883596 0.01883596 0.01883596 0.02279611 0.02945871 0.03311116 0.03311116 0.0330171 0.025244 0.005394137 0.005598652 0.005599683 0.005599683 0.005473122 0.005068863 0.002478042 0.002328587 0.002469687 0.002038537 0.001511825 0.001073605 0.0004163125 0.0004158673 0.0004165372 0.0004183943 0.0004209135 0.0004209135 0.0004159191 0.0004158099
0.2450666 0.04585907 0.03467445 0.04602787 0.1763852 0.04619818 0.02577857 0.01257335 0.08495705 0.02373638 0.04224724 0.03463423 0.03266704 0.02448342 0.02242634 0.02088699 0.02237434 0.02339939 0.02147515 0.02367001 0.04270247 0.05261012 0.1837312 0.4987961 0.1206313 0.05542646 0.0232008 0.1361516 0.01654474 0.01730989 0.01990708 0.01990708 0.01990708 0.01990708 0.025753 0.03861672 0.2119178 0.01244583 0.01244583 0.01261984 0.01491895 0.02164456 0.02878429 0.03267306 0.3994296 1.289857 0.03471923 0.03432584 0.03432584 0.02690143 0.01365895 0.005851499 0.005805154 0.005805154 0.005805154 0.004454771 0.002561497 0.002410875 0.002547829 0.002550386 0.002561497 0.002492994 0.001676989 0.001469441 0.0008593154 0.0005281454 0.0004330519 0.0004322945 0.0004351911 0.0004627039
0.5950426 0.0902293 0.03960958 0.04331937 0.1780605 0.05080276 0.04743664 0.04228128 0.04188505 0.04580027 0.06003783 0.04443324 0.03162732 0.02990887 0.02363835 0.02147815 0.02392659 0.03385711 0.03826252 0.1255924 0.1185535 0.05441812 0.05294044 0.128718 0.1472641 0.03709126 0.02366046 0.02366046 0.02366046 0.02542142 0.02059904 0.02665032 0.04131658 0.04688258 0.05639631 0.7649962 0.07051957 0.03514165 0.021282 0.02178452 0.02495193 0.04745892 0.04893203 0.04879889 0.578763 0.04852827 0.03152116 0.5329651 0.0251215 0.02387984 0.0185754 0.01538485 0.01445642 0.0116415 0.007641142 0.003262843 0.002648182 0.002648182 0.002558128 0.002585346 0.002499479 0.002225571 0.002148438 0.002163133 0.002163133 0.002130038 0.001776433 0.002076775 0.001708275 0.001848312
0.1768221 0.1015194 0.08961416 0.08827803 0.8070595 0.02179528 0.04705015 0.05901063 0.04470407 0.05372877 0.07380595 0.09819564 0.0857544 0.05935891 0.0526155 0.05336305 0.2763405 0.1675184 0.04227126 0.1404038 1.088538 0.6627752 0.05108342 0.05302829 0.05607375 0.04805288 0.0363293 0.03676302 0.03865946 0.02582551 0.01907691 0.03445968 0.06254593 0.1596766 0.1533606 0.120675 0.06616725 0.04953901 0.02322488 0.4104327 0.03000399 0.05162589 1.098211 2.903233 0.04523846 0.4980274 0.09652179 0.01754062 0.01754062 0.01709482 0.01754062 0.01754062 0.01754062 0.0172666 0.01637297 0.01119063 0.005591338 0.005008374 0.003858999 0.002552466 0.00259398 0.002214198 0.003379646 0.003257058 0.003023909 0.002319231 0.002235416 0.002235416 0.002235416 0.001982145
1.271232 0.0269868 0.04066212 0.1053034 0.07712562 0.05008769 0.0746484 0.06705508 0.08807183 0.1008297 0.1052772 0.09533003 0.103044 0.07682399 0.06787799 0.07674848 0.244014 0.08717426 0.06934971 0.09082458 0.06956358 0.04331388 0.04983913 0.0427579 0.03871127 0.05425926 0.05553107 0.05665617 0.05920235 0.1684736 0.05372446 0.02152598 0.01726081 0.04766018 0.5080427 0.04440499 0.04100648 0.02987718 0.02971338 0.03028908 0.05534247 0.07069322 0.4835796 0.06820478 0.04868136 0.02105061 2.835958 0.008947165 0.2229579 0.009799052 0.009647598 0.01089308 0.009949692 0.0080356 0.009502061 0.01109017 0.01109017 0.01109017 0.01070569 0.008692187 0.008766302 0.009113844 0.01108256 0.01154361 0.01153858 0.004161079 0.002306387 0.002306387 0.002306387 0.003708215
10.94334 0.2327469 0.3258937 0.2533548 0.09919787 0.07785978 0.1055231 1.342081 0.1945396 1.33572 0.3038161 0.09226497 0.07677956 0.05785366 0.07476741 0.08824954 0.07865451 0.05567967 0.0762895 0.08992194 0.0407065 0.05777147 0.08682583 0.09245951 0.2643223 0.1398764 1.37023 0.2832679 0.298978 0.1226718 0.526565 0.04138201 0.01388592 0.009304803 0.01501152 0.03013024 0.0452898 0.04803903 0.0391804 0.03038463 0.03109969 0.04220602 0.05630988 0.05378468 0.05378468 0.04423925 0.01386284 0.007620281 0.007612252 0.007565152 0.007765877 0.007936739 0.008857616 0.01288462 0.01389719 0.01399477 0.01396681 0.01285074 0.01175778 0.01143804 0.01123267 0.01130745 0.01188195 0.01190571 0.01845 0.02444888 0.01817046 0.02285432 0.02584095 0.03259369
0.1234572 0.8412831 0.1308208 0.1743638 0.2405523 0.1268913 0.1154541 0.1311164 0.08806138 0.1654185 0.1947198 0.1900734 0.1285857 0.09083629 0.1029253 0.1644467 0.08914772 0.08908649 0.2326963 1.472315 0.533905 0.1526839 0.4680825 0.1468353 0.3581876 0.7497818 3.255854 1.090975 0.2322007 0.5336462 0.3960075 0.06946978 0.07564647 0.06740981 0.02704737 0.1533295 0.08441056 0.1189358 1.428402 0.0688742 0.04744455 0.03078131 0.03031362 0.0288532 0.02501521 0.01367248 0.008134176 0.008196952 0.008770354 0.008912455 0.01025149 0.02052096 0.1451708 0.03844947 0.02273704 0.02080807 0.02702753 0.02219066 0.01328308 0.01180413 0.01177876 0.01163249 0.4958247 0.03005812 0.04345911 0.03919532 0.03409069 0.03412814 0.03392788 0.03346539
0.1024829 0.1972558 0.09610743 0.2476563 0.3089958 0.2491258 0.1676927 0.1960677 0.8989681 2.006201 1.145171 0.5302488 0.3108623 0.1176499 0.1298692 0.189503 0.2151114 0.1670742 0.1986386 0.1993226 0.1328591 0.1378848 0.2421304 0.286838 0.660304 0.6013073 2.574704 0.2985275 0.1339622 0.8855565 0.976574 0.772438 0.1599321 0.3007056 0.1369468 3.321908 0.4061112 0.2665699 0.1468408 0.1498775 0.06006349 0.03028719 0.02136155 0.0339547 0.02270485 0.0235183 0.01335084 0.01194533 0.01175429 0.0120261 0.01544114 0.02995976 0.04583962 0.09294629 0.1176658 0.2306535 0.04302344 0.03064568 0.02759339 0.03612184 0.04148392 0.04700803 0.08146656 0.1002327 0.0651054 0.06849285 0.07301938 0.04174468 0.03453034 0.05135196
0.2963668 0.1102538 0.1338107 0.08685783 0.2935262 1.02225 0.9194801 0.9463665 1.073699 0.3519094 1.267528 0.7752095 0.3263219 4.472015 1.110136 0.2028105 0.2062818 1.761054 0.2734847 0.4510844 0.4596737 0.4206689 0.4731568 2.468311 1.00405 0.4043657 0.3994118 0.3748311 0.2315233 0.4942745 4.120517 0.8716507 0.46976 0.3575686 0.1326553 0.3105951 1.202614 0.4766181 0.4830205 1.167522 0.3184365 0.0528226 0.02936227 0.04530481 0.1130713 0.05127145 0.03675061 0.0289104 0.01330911 0.01340515 0.0172813 0.01972399 0.02537174 0.1162564 1.774356 0.2440011 0.4367494 0.1861187 0.1015959 0.1830808 1.061242 0.1403958 3.463246 0.5636759 0.2030296 0.7418327 0.1878671 0.1213502 0.1251945 0.05585707
0.6522933 0.1279411 0.1734176 0.2115861 0.2245472 0.3027138 1.377813 62.972 3.160614 0.7460476 0.3979604 0.316681 0.8657898 0.8355958 0.3745222 0.3455091 0.3927142 0.6043773 1.495886 3.497958 0.5995026 1.025094 2.494986 0.3456126 0.4445589 0.3831969 0.2609057 0.1965766 0.2002683 0.6836879 0.6515363 3.174854 0.156028 0.1260283 0.1363388 0.7343017 0.08529289 0.09270746 0.1548913 0.4344891 0.1262813 0.0899618 0.1386009 1.208428 0.1651758 0.09882396 0.08872388 0.0612758 0.2118561 0.02780999 0.04289355 0.06618483 1.466755 0.6568645 0.4006535 0.2931103 1.914881 0.08342529 0.08105434 0.3521997 0.2301822 0.1202437 1.270209 0.1877179 0.3772321 0.1035808 0.122022 0.03628711 0.185373 0.0291288
0.5904306 0.8655574 0.3636102 0.158497 0.1985564 0.2841507 1.065208 2.135851 0.9283115 1.521572 0.2587022 0.3569666 0.2227276 0.235376 0.3420773 0.8551508 0.3601531 0.3881232 2.413765 0.6485025 0.5083299 0.4607215 1.35861 1.091038 0.4903257 1.048676 2.61257 0.2352163 0.4041051 0.4726523 0.3787904 0.7462275 0.1292107 0.1032108 0.1120835 0.1021233 0.0930818 0.1198087 0.1448382 0.6439798 0.130281 0.1585759 0.1452227 1.328453 0.1487543 0.08603898 0.06820998 0.07631611 0.08132212 0.08122537 0.07444452 0.09596663 0.3772204 1.451946 0.1115769 0.1930441 1.688883 0.07380122 0.02976778 0.1385214 0.1423337 0.1472434 0.1078918 0.0920089 0.08917957 0.06931561 0.03158017 0.02315144 0.1601745 0.1031962
0.7599896 0.2887087 0.3372526 0.2756674 1.134295 0.2264864 0.3753619 0.5330682 1.182176 0.5213043 0.2835438 0.2745948 0.1909627 0.2408979 0.4993028 0.7266824 0.4246441 0.3378137 1.320437 4.409147 6.942517 0.8270233 0.519521 0.2145745 0.2258929 0.6749287 1.023079 0.07231721 0.6926968 0.760644 0.2062879 0.1489107 0.12712 0.8390946 0.1005347 0.09608003 0.09749375 0.1332212 0.1396252 0.4612967 0.1503752 0.07782234 0.06297806 0.07028753 0.09082419 0.0771755 0.09280182 0.1067369 0.2003505 0.08649226 0.07353047 0.1447735 0.1195854 1.180188 0.2396899 0.07623255 0.7046508 2.310226 0.3734131 0.1551046 0.1695452 1.705763 0.1211845 0.07296232 0.05847717 0.02896909 0.01268841 0.01059262 0.01700371 0.02921291
