data/raw/spatialecon-gecon-v4-gis-ascii/GIS data ASCII/MER1990/mer1990sum.asc
ncols         360
nrows         140
xllcorner     -180.0
yllcorner     -56.0
cellsize      1
NODATA_value  -9999
[rows 31 to 61 of 140, columns 210 to 279 of 360]
0.9232894 0.7014582 0.4014343 0.302854 0.2313938 0.5343405 1.046229 0.4002455 0.7086533 1.865263 0.4988766 0.8051796 0.2126259 0.2453782 0.2179685 0.1882545 0.1863274 0.6022276 0.2791048 0.7372276 0.4201928 0.3014596 0.3378733 0.1888476 0.1352945 0.4743708 0.178255 0.09467234 0.3055551 0.1028365 0.09573709 0.1823718 0.1834089 0.223096 0.09020256 0.07220959 0.1038138 0.09711707 0.1016227 0.1321765 0.2166607 0.07080308 0.05009177 0.05520351 0.03549588 0.0454964 0.4640205 0.5838125 0.09715903 0.09349 0.09958162 0.1018596 0.1396026 0.09322444 0.1208373 0.4862363 0.0603015 0.1130466 0.05341682 0.05402792 0.08135543 0.1174679 0.05395012 0.04211522 0.01649742 0.003877434 0.001624201 0.001664994 0.002891074 0.002765437
0.2702531 0.9340655 0.3894196 0.7657923 0.4722971 0.6743016 1.547372 0.9519415 0.3995515 2.329163 0.3572672 0.2970598 0.3899019 0.3471982 0.1492581 1.421563 1.18424 0.2933272 0.189976 0.09919813 0.0992899 0.5390542 0.1212244 0.1210485 0.1625999 1.388917 0.1329542 0.2510601 1.040274 0.1022598 0.06628191 0.05216759 0.04648884 0.04928051 0.03423097 0.06543601 0.07841074 0.06594625 0.1461492 0.09682908 0.1147231 0.74626 0.07304683 0.06328701 0.02247233 0.3299933 0.03806629 0.03870925 0.05706935 0.05722953 0.07062011 0.3668615 0.09885208 0.05222002 0.05538499 0.06191481 0.1100175 0.01419272 0.03361071 0.04818264 0.04442017 0.03249637 0.0372379 0.03126372 0.1536184 0.007642244 0.005774742 0.006646475 0.005241395 0.004657912
6.349101 0.6282743 0.6672855 0.6408833 1.094391 0.5475269 2.633276 0.4519319 0.5357681 0.5326163 0.3695584 0.2969648 0.1965737 0.2849042 0.1976259 0.4199154 0.135963 0.1053428 0.1024648 0.04252581 0.05073718 0.05019217 0.05313841 0.05553744 0.07100363 0.07173679 0.09425713 0.5872667 0.1104614 0.1166476 0.02863446 0.02328185 0.01854076 0.0152115 0.01985605 0.02864237 0.1744584 0.03598411 0.03538065 0.03002516 0.04081126 0.05961306 0.3366825 0.3578844 0.05591527 0.03337988 0.02679425 0.02123829 0.03233394 0.04359105 0.6479652 0.1479057 0.3740951 0.2829233 0.04023885 0.01748088 0.01570557 0.01040939 0.007580989 0.01220768 0.02297942 0.0188557 0.008006409 0.0118505 0.01434393 0.01083942 0.009228682 0.01287481 0.006005411 0.004881463
1.163611 0.8996527 0.9582091 1.363373 1.238128 0.5765474 2.45196 0.6107205 0.4200002 0.2610721 0.1843516 0.09668749 0.1139751 0.197275 0.1387509 0.1436933 0.06728602 0.03549281 0.03284494 0.03026232 0.02254066 0.02976137 0.03058411 0.03229653 0.03222864 0.04061931 0.06099453 0.07475925 0.04804688 0.0209122 0.01483418 0.01075965 0.01268931 0.01347727 0.01503797 0.02278952 0.01897752 0.0111218 0.02257545 0.02439567 0.01981882 0.03527392 1.030737 0.9574116 0.04590517 0.035516 0.02891786 0.01385585 0.01182989 0.01729404 0.03863946 0.05823362 0.5544519 0.1020157 0.192519 0.0389693 0.03179682 0.01082083 0.008276246 0.008087547 0.007156443 0.006969143 0.006688948 0.005968357 0.00696682 0.006436695 0.005820962 0.005650159 0.004978781 0.004924255
0.7552637 0.4336624 0.7093054 1.068973 2.181116 2.495429 0.6474295 3.702349 4.290115 1.940691 0.5023394 0.1368125 0.1236626 0.1863004 2.892981 0.1390063 0.1882743 0.02045963 0.01902262 0.01731123 0.02605259 0.03533361 0.02831611 0.02064396 0.02288527 0.01400335 0.01746405 0.03153362 0.02050802 0.0164024 0.01053604 0.007575586 0.006210016 0.008501646 0.00947156 0.006007697 0.004449556 0.009543625 0.005318971 0.01076508 0.04754282 0.009225717 0.01738616 0.02155739 0.02056482 0.02179055 0.02202725 0.01300118 0.009507251 0.0211399 0.04626394 0.04832816 0.05031766 0.0452591 0.04792014 0.03715152 0.03274218 0.02975638 0.01935878 0.008034567 0.007399616 0.005613542 0.005320203 0.005587844 0.006112622 0.005960609 0.00575752 0.005673502 0.00606503 0.005966722
0.3661584 0.5084402 0.3709683 1.487382 1.209109 2.50675 0.4818722 3.239978 1.291075 1.940211 0.9178036 0.210221 0.3495619 0.1022646 0.04840122 0.03589533 0.07476729 0.0822952 0.07196967 0.04013528 0.03899682 0.3243048 0.1034445 0.03078198 0.03698405 0.009361534 0.007407841 0.008694564 0.01495323 0.0148151 0.0152871 0.02535101 0.01665606 0.005539316 0.003645647 0.003707865 0.003745886 0.3640179 0.003922352 0.00878051 0.00957864 0.01409065 0.01314924 0.01205504 0.01088571 0.01227106 0.007014661 0.008823256 0.009246257 0.03421202 0.05627737 0.07217352 0.04143113 0.07506581 0.06085479 0.05098366 0.017346 0.02878851 0.0241091 0.009318925 0.008894743 0.005859083 0.004938283 0.004781866 0.003407704 0.004059296 0.005656806 0.005845372 0.005004883 0.00563137
2.584133 0.4231173 1.239963 0.4394704 0.2777052 0.6044206 0.4063375 0.03418218 0.4836364 0.5133044 0.3337889 0.265018 0.1152436 0.06669302 0.169153 0.01935272 0.03333264 0.7754657 0.8633573 0.03688153 0.007676537 0.00314755 0.008419799 0.03357986 0.0325454 0.02320134 0.01234939 0.00846608 0.01488256 0.01803056 0.01217242 0.02200408 0.02324613 0.01620754 0.01375114 0.01012329 0.0074199 0.004370196 0.005373629 0.009489734 0.009488182 0.01180329 0.01310929 0.008995724 0.1251231 0.03916104 0.01844259 0.01877145 0.009318734 0.02061783 0.05317422 0.06002437 0.06126903 0.06453429 0.04992114 0.02195168 0.005371732 0.005996928 0.007436317 0.009649428 0.01101706 0.006138315 0.005445503 0.004523173 0.00246907 0.002227561 0.002727047 0.003557867 0.003323336 0.003343462
0.02344366 -9999 0.02425691 0.5048631 0.4934833 0.2428764 0.3247458 0.4349064 1.299736 1.750159 0.9843032 1.038936 0.4075386 0.240935 0.09668273 0.03831287 0.02390787 0.163662 0.07640256 0.0007528597 0 0.003214606 0.004114077 0.009095123 0.007012004 0.01250047 0.01025897 0.006603668 0.005626524 0.001217638 0.001051145 0.02054158 0.02099765 0.01609323 0.01770412 0.01914974 0.0192616 0.01770656 0.0129648 0.01211447 0.01209651 0.01296218 0.01389144 0.01015791 0.01498228 0.01581421 0.02906567 0.03988392 0.2405687 0.1020678 0.1019276 0.06179959 0.04686652 0.01671088 0.03851543 0.05579927 0.02645942 0.02636387 0.01081396 0.01317865 0.02125834 0.008335327 0.005613888 0.003070719 0.002353321 0.002353321 0.002335066 0.002285011 0.002968055 0.00329838
-9999 -9999 -9999 0.5977758 0.7455572 0.02812491 -9999 0.7908691 0.5888446 0.8386532 0.866519 1.00593 0.8030412 1.145542 0.3633594 0.0993903 0.02623456 0.006615939 0 0 0.009752554 0.01535563 0.01108576 0.009765903 0.01137912 0.01195575 0.003761946 0.003766489 0.001178902 -9999 0.0006242889 0.01613213 0.02002543 0.01712821 0.01906931 0.2180104 0.03208217 0.03101641 0.01332236 0.01270036 0.01930973 0.01831783 0.01437259 0.01625835 0.0447649 0.05913053 0.1079838 0.1091103 0.1946858 0.1513393 0.1661851 0.2472988 0.05074517 0.03520836 0.08744367 0.157895 0.2242024 0.1175688 0.05950313 0.05208305 0.03572518 0.01743144 0.01108055 0.01045131 0.005324817 0.002584642 0.002394907 0.002389952 0.003268332 0.003293039
-9999 -9999 -9999 -9999 -9999 -9999 -9999 -9999 -9999 0.4501943 0.6076803 0.3657675 0.3760868 0.7053501 0.6294059 1.657763 0.7851548 0.177245 0 0 8.065363e-005 0.3651372 0.1241137 0.00932342 0.008309185 0.009013436 0.003830634 0.003349125 0.04408837 0.05461235 0.0157828 0.02028931 0.01213997 0.007701611 0.008823755 0.01952533 0.04127743 0.05209203 0.3169113 0.1163632 0.121507 0.1545055 0.1171658 0.1633857 0.1745473 0.1188443 1.726072 0.6248083 0.1401924 0.09375026 0.09719055 0.129105 0.09708894 0.08853603 0.04365707 0.03286986 0.06865793 1.66203 0.05265987 0.04979778 0.01957606 0.01531665 0.01224722 0.01164658 0.005817396 0.006075422 0.002629684 0.00240405 0.003458084 0.002593654
-9999 -9999 -9999 0.002240787 0.006630599 0.007479541 -9999 -9999 -9999 -9999 0.03061258 0.7685038 1.325944 0.6444351 0.593803 0.3764331 0.1499991 0.2305585 0.05912884 0 -9999 0.0002197991 0.003993051 0.00727257 0.00782955 0.00817032 0.003893494 0.02083419 0.1469325 0.4821408 0.1038054 0.07468849 0.005614868 0.02184589 0.003844158 0.005378448 0.04053233 0.05646723 0.1307879 0.9681235 0.2718169 0.6002392 0.08149283 0.1668872 0.7768754 0.2081086 0.1340374 0.04895363 0.1112513 0.06769414 0.05835715 0.04775117 0.04586726 0.06164512 0.01901487 0.03916784 0.05310252 0.01898689 0.02873244 0.03562597 0.01580749 0.01477518 0.01369021 0.01369021 0.01368014 0.01368701 0.001788129 0.001005957 0.001724351 0.001585648
1.917928 0.8923163 2.311313 0.6954202 0.900014 1.706363 1.157602 0.2037285 0.006637697 0.1527575 0.159222 1.015229 0.7113208 0.6620478 3.253289 1.094579 0.5580916 0.3034302 0.5360631 0.0318216 -9999 -9999 0.001550555 0.0001076142 0.005812661 0.007862097 0.01463874 0.07545644 0.1215026 0.2614 0.7833741 0.1427022 0.03199875 0.006592987 0.05818033 0.005993118 0.03209265 0.07015927 0.3468339 2.892764 0.2442823 0.6112109 0.2233019 0.09120438 0.02804007 0.03391196 0.03021448 0.0253718 0.03546572 0.06593779 0.05585443 0.06396446 0.0559452 0.07401157 0.01950703 0.07222791 0.03412712 0.01210456 0.0131494 0.02117394 0.01076228 0.01027573 0.0098707 0.01318147 0.00989021 0.005561041 0.0006890015 0.0004322563 0.0008610202 0.0008787517
5.142598 2.894851 3.577392 2.336179 1.231557 1.462406 1.590366 1.386183 0.9999637 1.536114 1.507421 0.666527 0.44079 0.5871201 2.070858 0.5712061 1.10272 1.029019 0.5762544 2.090624 0.6982573 -9999 0.0429365 0.02085443 0.006061222 0.009728489 0.01855054 0.07923874 0.1022032 0.07014332 0.03628256 0.02951859 0.1273088 0.08282516 0.2220595 0.3374287 0.2363217 0.3069401 0.9069066 0.8983854 0.7690995 1.694121 1.486887 0.1370349 0.02620516 0.01193011 0.03525055 0.03668006 0.02336746 0.04111331 0.05020855 0.07058522 0.02186927 0.02142615 0.005829852 0.004026102 0.004005175 0.003796586 0.002634469 0.001770364 0.0001961782 0.0003953265 0.001169417 0.007578955 0.008780471 0.00606241 0.009913195 0.0255905 0.02857019 0.0162084
1.664901 2.047759 5.316714 4.403221 1.006859 0.783241 0.6898906 0.5016896 0.5416675 0.3937418 0.4643179 0.4820483 0.40637 0.3605311 0.4386443 0.5107487 0.4993349 0.6712337 0.9230458 0.5070054 -9999 -9999 0.02660478 0.07977224 0.1062479 0.01542824 0.02313173 0.05008804 0.07649153 0.05391831 0.05929774 0.0830811 0.07211365 0.3387129 0.4588894 0.3262194 1.154814 0.6749396 0.1889862 0.1439844 0.057817 0.04145997 0.02860195 0.01880102 0.01394105 0.1798082 0.2513911 0.1200459 0.05864279 0.05604015 0.05588976 0.05564944 0.01568868 0.006971869 0.001282193 0.001282193 0.001205806 0.0005753992 0.0005817118 0.0005745273 0.0004596582 0.0005898537 0.001750503 0.003580232 0.003135243 0.0006025942 0.003495222 0.009987075 0.06425657 0.05525568
1.170079 1.620857 2.11662 2.137465 1.435127 1.472898 1.767075 1.169245 1.448186 1.455909 1.342739 0.8187769 0.5400835 0.4453433 0.5034838 0.5821602 0.6042442 0.477107 1.118185 0.004840435 -9999 -9999 -9999 0.005525817 0.02548856 0.04481893 0.114966 0.07232688 0.1280489 0.06034675 0.07702772 0.1298334 0.08253714 0.1004637 0.1044006 0.4694462 0.3078311 0.4661592 0.7312351 0.2410633 0.04751645 0.02432167 0.007368288 0.003870246 0.01106443 0.02022183 0.153254 0.1884649 0.04577274 0.03529584 0.05581226 0.02561908 0.01132797 0.001712613 0.001300448 0.001269669 0.001300448 0.0007446654 0.0005951683 0.0005774855 0.001278389 0.001998483 0.002029276 0.002029291 0.002182522 0.002095572 0.002501651 0.004304442 0.004789462 0.006783731
1.413536 1.925239 2.146437 2.154298 2.34472 3.92405 2.866133 2.441798 1.317382 0.8791022 1.165858 0.8655196 0.7324841 0.3419438 0.6514316 1.152705 1.236359 0.3810333 0.4659152 1.826968 0.3949265 -9999 -9999 0.01383017 0.3303074 0.4036398 0.2503548 0.3261721 0.248286 0.2482291 0.1072267 0.2672724 0.1700737 0.08387483 0.1065668 0.1050477 0.206779 0.485562 0.4113865 0.3800822 0.1030981 0.03728151 0.02084759 0.002398869 0.002598721 0.00504799 0.07276195 0.03757902 0.01993654 0.0998341 0.04868005 0.01844674 0.01060565 0.002052915 0.001318516 0.001302152 0.001318163 0.001189918 0.0005834163 0.0005456408 0.0008750751 0.002396976 0.00262597 0.002661884 0.002327034 0.002737339 0.005826819 0.007872361 0.007781075 0.008107862
1.030527 0.6237249 2.010255 2.963652 1.286975 1.712329 3.648811 1.508485 0.4677334 0.5416764 0.95697 1.172266 2.446117 0.5426279 0.7461354 0.5643687 0.5210022 0.3115626 0.399399 0.5214455 0.8895684 0.9224719 1.271854 0.6112331 0.6468931 0.108635 0.1410911 0.2621908 0.4265893 1.129364 0.7223002 0.1395919 0.07639926 0.1038933 0.113504 0.1142736 0.2542923 0.2513278 0.3847969 0.2415515 0.07146565 0.03855184 0.04885295 0.01092196 0.002905389 0.00211174 0.01432105 0.03386621 0.02350357 0.05371622 0.03044012 0.01860576 0.0122075 0.002127158 0.001676339 0.001335756 0.001155455 0.0008938629 0.0008479288 0.0007224318 0.0008416293 0.00230675 0.002989494 0.003023873 0.002937132 0.00260796 0.003904758 0.004006254 0.0075005 0.01819455
-9999 -9999 0.2096531 3.318584 0.216616 0.3248968 1.791236 1.078592 0.4571636 0.711143 1.854521 0.526659 0.5257089 1.755608 2.877353 0.7768204 0.5411464 0.4151561 0.4917887 0.4795373 1.215084 9.597146 0.2705386 0.1568633 0.05430002 0.03682871 0.06483963 0.2387108 0.2433092 0.4332003 0.5904364 0.1014701 0.05938365 0.04760217 0.1241891 0.05351551 0.08657146 0.06170316 0.11277 0.2201006 0.03732338 0.189732 0.4839862 0.1672181 0.009088676 0.2501914 0.001306209 0.03566398 0.00867887 0.007125559 0.01082083 0.009754061 0.004899766 0.001358143 0.001209625 0.0007414979 0.0005797967 0.000709294 0.0009160942 0.0009108581 0.0008682724 0.0008990335 0.0009513575 0.001663997 0.002244689 0.002909721 0.003091346 0.002954362 0.002579973 0.01242029
-9999 -9999 1.064175 2.28752 0.02208289 1.869993 1.750914 0.1395362 0.07658247 0.08830409 0.9542853 0.114444 0.1356525 0.5973325 0.544356 0.4992979 0.5655664 0.7908766 1.004812 0.7450277 0.5540711 0.4953649 0.1229367 0.05732362 0.03852588 0.02888569 0.01617507 0.04205128 0.1298722 0.153791 0.1498813 0.06132934 0.2607117 0.05706838 0.02358487 0.03745336 0.06935692 0.08946003 0.286152 1.713255 0.4157512 1.310509 1.373825 0.6858882 0.6288638 0.1365828 0.02196447 0.003117688 0.002786946 0.002850591 0.0003217871 0.0003232906 0.0004570259 0.0005101314 0.0005442622 0.0005596434 0.0005636924 0.0005976626 0.0008040026 0.001312024 0.002909891 0.00275398 0.001719841 0.001277592 0.001174178 0.001484152 0.004778652 0.004614446 0.002410191 0.009011233
-9999 -9999 -9999 -9999 -9999 11.61411 0.5970796 0.2770467 0.09024074 0.09928663 0.1093092 0.111236 0.1146978 0.4674678 9.424294 0.5878991 0.2452883 0.3353998 0.5362102 0.3659596 0.4638252 0.3019176 0.07320563 0.01556029 0.01543603 0.01421691 0.01165807 0.02801927 0.06564124 0.1027841 0.06756578 0.01826084 0.03783246 0.02818097 0.04260263 0.05529859 0.05851174 0.1093205 0.5107571 0.2366831 0.4617159 1.01074 1.219401 1.473505 0.6302348 0.3395394 0.008292451 0.003680597 0.003470715 0.0007413958 0.0003322343 0.0003906733 0.0006053919 0.0005174978 0.0005128053 0.0005274002 0.0005726682 0.0005780077 0.0006511499 0.0009184113 0.002767942 0.003076025 0.003032677 0.002754859 0.002878853 0.002522391 0.0137098 0.008065396 0.006907115 0.006619437
-9999 -9999 -9999 -9999 28.23804 20.76946 1.330167 0.1054481 0.05743169 0.09836473 0.1159129 0.1083424 0.09795057 0.1071602 1.623854 0.4944468 0.2900396 0.5506801 0.4696324 0.289591 0.5123631 1.332375 1.033701 0.1463762 0.07629105 0.02499965 0.01758922 0.01146931 0.07453954 0.08031543 0.06357136 0.02195513 0.05342395 0.01299656 0.05027301 0.07917453 0.04749873 0.06983096 0.03806252 0.3242392 0.6324161 0.6908782 1.094233 2.096618 2.63712 1.274251 0.3878268 0.05062361 0.003831278 0.001811212 0.001511456 0.0006718587 0.0007190215 0.000525139 0.000510958 0.0005568195 0.0005703297 0.0005784704 0.0006647647 0.0008933288 0.002650206 0.004303391 0.007377004 0.008060177 0.008404375 0.01090431 0.01638281 0.01893437 0.01335229 0.01467295
5.913163 5.29695 1.011817 0.1195405 21.60559 6.787778 0.8483269 0.2788053 0.07995749 0.0827045 0.08794443 0.09724004 0.1080406 0.2621258 0.4606287 0.412074 0.5392296 0.6644185 4.704951 1.885597 0.2659772 0.2592369 0.5038506 0.2315102 0.1131902 0.05168043 0.09702548 0.08322491 0.05265506 0.0149865 0.01257216 0.1027661 0.009972852 0.0276187 0.1140383 0.2853796 0.05610289 0.066737 0.04172697 0.07677134 0.4429791 0.6884237 1.893902 3.0349 4.885523 3.104491 1.478622 0.6826184 0.0572931 0.009543711 0.001494271 0.001034774 0.0006911318 0.001251978 0.001377866 0.001168117 0.0006988492 0.0005709708 0.00170859 0.001147354 0.001294637 0.009571433 0.01183427 0.01131392 0.01464356 0.01536788 0.01963154 0.02580368 0.0211528 0.01327332
5.653512 19.70922 1.238953 0.06930722 2.10534 1.307157 0.03075699 0.05007715 0.1698179 0.2368001 0.2066751 0.1513543 0.09179495 0.2662389 0.1236427 0.105624 1.094447 2.920011 0.7385045 12.24739 3.890127 0.2380516 0.2340107 0.1190616 0.06116631 0.1491264 0.1515892 0.09874529 0.09734363 0.08335695 0.07440186 0.132455 0.01173594 0.009374171 0.01616864 0.01855952 0.243761 0.1418281 0.07534082 0.08635131 0.5818502 1.826875 2.299484 2.332945 1.884029 2.314301 3.277947 1.369503 0.7731962 0.2006341 0.04179516 0.006642921 0.002246716 0.001855706 0.001842303 0.001951099 0.004104833 0.004761592 0.004453926 0.008761539 0.009840217 0.02442184 0.008814549 0.005720161 0.0079483 0.008931817 0.01105658 0.01702552 0.01730981 0.01207797
2.1043 6.549253 0.7504233 0.01806735 0.3325483 0.1741628 0.057411 0.08437605 0.1654102 0.2545837 0.233079 0.1156216 0.08442117 0.1012964 0.07148974 0.06960502 0.6252484 8.241177 8.555827 0.7121317 0.9614375 0.4146407 1.013752 0.5863261 0.111198 0.1088749 0.09605242 0.1076119 0.1010064 0.08684105 0.08379611 0.02553348 0.008579031 0.01103046 0.01105135 0.009019712 0.08365466 0.07962182 0.05875273 0.1989112 0.861911 1.703857 1.074994 0.6933656 0.7929509 1.566107 2.410486 2.367307 1.367934 0.83557 0.3110215 0.1114041 0.0274486 0.004414555 0.002870317 0.003363939 0.005466737 0.01311056 0.03056592 0.04146584 0.04138217 0.09746836 0.01639543 0.008018829 0.008797154 0.004175445 0.005472582 0.007364287 0.01711561 0.01367467
2.424616 0.03656731 3.525621 3.924559 0.0892421 0.2931367 0.2399552 0.2200414 0.1753986 0.2430714 0.2110864 0.194117 0.172219 0.1290761 0.08524129 0.1878114 0.2941058 8.396515 18.48188 1.147524 0.03779642 0.1491144 0.1948392 0.2807259 0.1792197 0.0950922 0.07624999 0.106485 0.09390613 0.05182908 0.05056414 0.04516597 0.01999693 0.01154283 0.01259722 0.01409505 0.05582939 0.1400845 0.77549 0.7442967 1.100739 0.4983989 0.2388672 0.2467833 0.3360998 1.018898 3.128848 9.845506 1.89694 1.765993 0.6508722 0.360067 0.183479 0.2157254 0.1278233 0.05420825 0.01158404 0.01228398 0.01459779 0.02344039 0.01390103 0.01449145 0.01528446 0.008503908 0.04158404 0.04320359 0.01426491 0.004264768 0.01352454 0.02487092
1.761001 1.024519 0.6982736 0.8412908 0.008052996 0.1342036 0.3192593 0.3672593 0.3177245 0.3024647 0.2203202 0.2171766 0.2171766 0.3232495 0.3215907 0.3561145 0.3058038 0.3058038 0.3686531 0.3996716 0.1732908 0.01184886 0.09195458 0.1278818 0.09545246 0.1603226 0.2209808 0.115927 0.05220672 0.03312543 0.03372607 0.04715314 0.0475041 0.02037639 0.01655083 0.01752084 0.04435923 0.8326698 1.164808 0.7539428 0.1935942 0.1362977 0.1501072 0.3759228 0.572073 1.096879 1.361834 1.731868 2.02936 1.546355 1.48855 1.313672 1.161101 1.054248 0.4892282 0.6343989 0.1882156 0.1429004 0.3457705 0.06341296 0.04915071 0.08027403 0.04420114 0.1292031 0.4493029 0.5949495 0.04881021 0.01241644 0.0279215 0.07115457
0.002485228 2.489626 1.515567 0.03939369 0.03318784 0.0009015729 0.2269831 0.4582489 0.4671392 0.4107104 0.2190653 0.2191154 0.5143639 0.8627602 0.7796918 0.6532481 0.5537228 0.366401 0.3085264 1.154978 5.099604 0.04338167 -9999 0.009360394 0.02372859 0.0562903 0.2345093 0.1128107 0.06694494 0.04247762 0.08606999 0.03629613 0.05280225 0.04561385 0.03877044 0.01820315 0.04419568 0.5036972 1.116529 0.5214903 0.09098066 0.08938063 0.376937 0.5773459 0.7387841 1.262427 0.8661082 0.9035183 1.095452 1.146633 2.355088 1.674271 1.883894 2.487602 1.665039 1.63633 1.055654 0.8864677 1.549304 1.455949 0.9285483 1.261473 1.122611 0.4863291 0.68994 0.07701423 0.003639315 0.003762142 0.03765817 0.1651458
0.006648144 0.006648144 1.297447 0.008617099 0.04170043 -9999 0.03974491 0.3175754 0.4907 0.4807061 0.338732 0.4925406 0.8866343 0.8431846 0.7362882 0.6682175 0.6682175 0.8053529 0.3111641 45.59745 0.5815251 10.43296 0.001307118 -9999 0.003914536 15.36894 3.796855 0.008210092 0.01826876 0.02681313 0.046673 0.03710792 0.03622111 0.03443708 0.02184905 0.01936701 0.0630891 1.068733 1.728428 0.9746271 0.3226798 0.2855831 0.3862555 0.5241874 0.6702813 0.6364333 0.5241507 0.3908232 0.7375353 0.6301225 0.8169389 1.670545 2.45646 1.871447 1.562557 1.928653 1.428921 1.494508 2.036693 2.674884 0.7161461 0.741235 0.3463688 0.2823594 0.2233714 0.01351598 0.03173329 0.04436982 0.2280814 0.2312687
0.006704738 0.006704738 0.8231421 0.0760635 0.00124818 0.0007031312 -9999 0.2170579 0.4911981 0.495175 0.4890777 0.5044279 0.7376543 0.6818972 0.6739035 0.6617042 0.6626408 0.5988816 0.3396017 0.4293489 0.2914816 1.143225 0.2057903 0.3566068 1.594097 14.07455 2.315043 0.008265896 -9999 -9999 -9999 -9999 -9999 -9999 -9999 -9999 0.6531907 4.056505 0.6745884 0.4165629 0.1957917 0.5122682 0.8857764 0.730163 0.7223389 0.5807091 0.5356017 0.462191 0.5212595 0.4731881 0.5815579 0.7973829 0.5358758 0.680043 1.073597 1.294895 1.115042 1.901011 2.558123 2.800189 3.067846 2.501566 1.212613 0.4248699 0.09863433 0.04041839 0.05763615 0.09963528 0.2479198 0.3138598
0.006754187 0.006754187 0.002773119 0.002436041 0.002107929 0.007145948 -9999 -9999 0.4104612 0.7533277 0.4823993 1.28388 0.9048586 0.6788758 0.6788758 0.6541654 0.6658974 0.6708027 0.4153258 0.3119848 0.3161355 0.6380543 3.382493 3.828629 3.855988 1.960909 0.9491416 2.560398 4.349535 0.01513562 -9999 -9999 -9999 -9999 -9999 -9999 -9999 0.00352436 0.0524389 0.1441095 0.1646424 0.415222 2.710771 1.239067 0.9360522 0.8301433 0.6544513 0.9403788 0.5717143 0.6860396 0.7033445 0.4329202 0.486718 0.4577784 0.8588221 1.85176 2.010584 1.772794 2.710931 2.30802 5.808963 1.930528 0.2308315 0.06748988 0.05128354 0.09182318 0.04098378 0.06220355 0.06959427 0.1681657
0.006802637 0.003522687 0.0006633277 5.787252e-005 0.001057532 0.001048148 0.001589883 -9999 0.05161481 2.059424 1.537199 2.129114 2.09883 1.069254 0.6839385 0.6756303 0.6801291 0.6839385 0.3708655 0.3184929 0.3184929 0.3181768 0.6037453 1.198787 1.794501 0.5883183 0.2918018 0.7482382 0.5384215 0.677085 -9999 -9999 -9999 -9999 -9999 -9999 -9999 -9999 0.01041852 0.3890377 1.022105 0.8437614 2.374347 2.363381 0.9077024 0.9520417 0.7257255 0.4658817 0.5167978 0.5238217 0.3378668 0.4560744 0.7773989 0.5175834 0.7321107 0.8814145 1.241383 2.296266 6.758091 1.67041 3.032732 1.991223 0.7589684 0.03641451 0.1004269 0.2788383 0.198574 0.05767236 0.03726906 0.1000828
