data/raw/spatialecon-gecon-v4-gis-ascii/GIS data ASCII/MER1990/mer1990sum.asc
ncols         360
nrows         140
xllcorner     -180.0
yllcorner     -56.0
cellsize      1
NODATA_value  -9999
[rows 31 to 61 of 140, columns 140 to 209 of 360]
-9999 -9999 -9999 -9999 -9999 -9999 -9999 -9999 -9999 -9999 -9999 -9999 -9999 -9999 -9999 -9999 -9999 -9999 -9999 -9999 -9999 -9999 -9999 -9999 -9999 -9999 -9999 -9999 -9999 0.1234082 2.59722 4.476429 3.589988 2.696503 0.02089147 1.987698 8.645341 46.27242 103.7527 37.32501 19.45499 20.13453 -9999 -9999 83.45877 50.47887 30.88598 22.90461 35.56993 42.46505 31.41311 9.722059 7.723917 92.89758 6.272345 1.740154 4.556922 2.663446 2.629416 2.182444 7.609536 9.626006 1.33841 1.0259 0.4026282 0.44929 0.4497007 0.4502341 0.2779969 0.5420138
-9999 -9999 -9999 -9999 -9999 -9999 -9999 -9999 -9999 -9999 -9999 -9999 -9999 -9999 -9999 -9999 -9999 -9999 -9999 -9999 -9999 -9999 -9999 -9999 -9999 -9999 -9999 -9999 -9999 0.1260123 0.7593573 4.441959 0.1553857 -9999 0.5797556 5.810318 35.37722 44.66855 34.61155 294.3221 84.3317 10.77804 6.200277 24.62084 98.39082 60.94355 132.3996 125.5723 34.98592 27.87238 16.809 19.64727 27.36467 20.34162 14.06929 2.690839 4.981151 3.73871 1.904123 5.756293 1.766386 2.024479 3.198024 1.210521 0.3656276 0.3232126 0.4154364 0.2544917 0.2778422 0.278585
-9999 -9999 -9999 -9999 -9999 -9999 -9999 -9999 -9999 -9999 -9999 -9999 -9999 -9999 -9999 -9999 -9999 -9999 -9999 -9999 -9999 -9999 -9999 -9999 -9999 -9999 -9999 -9999 -9999 -9999 -9999 -9999 -9999 -9999 3.02492 10.71155 13.23053 6.754667 29.06887 20.19732 7.177464 8.190703 26.06428 59.86792 85.96167 35.79803 51.68307 60.90921 98.47308 22.81184 18.17879 19.94498 25.36017 9.505885 17.72546 5.908982 3.88458 3.071083 11.14515 10.96506 4.162973 3.075882 2.391442 1.427929 0.7528205 0.8187466 1.005501 0.5957109 0.9564239 0.6112161
-9999 -9999 -9999 -9999 -9999 -9999 -9999 -9999 -9999 -9999 -9999 -9999 -9999 -9999 -9999 -9999 -9999 -9999 -9999 -9999 -9999 -9999 -9999 -9999 -9999 -9999 -9999 -9999 -9999 -9999 -9999 -9999 -9999 0.02929101 0.04966682 -9999 -9999 -9999 5.953888 8.130361 16.51284 22.80733 30.01296 12.419 10.93613 11.55415 42.90127 28.39292 93.32754 36.94852 24.76301 36.34037 13.40343 4.339471 4.098822 3.487224 6.693771 6.558704 10.69034 4.518956 2.852922 2.536624 1.346538 1.635869 1.501507 0.8594891 0.8181257 0.7787476 1.279678 0.5616762
-9999 -9999 -9999 -9999 -9999 -9999 -9999 -9999 -9999 -9999 -9999 -9999 -9999 -9999 -9999 -9999 -9999 -9999 -9999 -9999 -9999 -9999 -9999 -9999 -9999 -9999 -9999 -9999 -9999 -9999 -9999 -9999 -9999 -9999 0.02010847 8.98138 6.070227 6.967966 15.07582 8.381957 8.210956 20.96813 337.1516 7.655787 8.745479 5.645401 15.94448 36.40773 50.90484 82.04716 34.78461 81.38843 21.82019 15.38825 17.5731 8.163272 61.43237 13.0509 4.538299 2.998889 3.580602 4.703973 1.533977 0.6384592 0.9148078 1.088485 0.9579866 0.7244888 0.6502849 0.6432703
-9999 -9999 -9999 -9999 -9999 -9999 -9999 -9999 -9999 -9999 -9999 -9999 -9999 -9999 -9999 -9999 -9999 -9999 -9999 -9999 -9999 -9999 -9999 -9999 -9999 -9999 -9999 -9999 -9999 -9999 -9999 -9999 -9999 -9999 -9999 1.813887 6.115367 9.776196 19.54548 13.49874 14.98222 12.50919 9.457379 5.402894 5.022937 10.62978 17.92171 66.87688 95.7086 -9999 15.78175 19.46397 13.71352 13.859 6.121915 15.22375 8.695714 3.649062 6.521605 17.03819 2.545154 3.373051 1.492241 1.407281 0.805425 0.7486984 1.643898 1.558609 1.247324 0.6312002
-9999 -9999 -9999 -9999 -9999 -9999 -9999 -9999 -9999 -9999 -9999 -9999 -9999 -9999 -9999 -9999 -9999 -9999 -9999 -9999 -9999 -9999 -9999 -9999 -9999 -9999 -9999 -9999 -9999 -9999 -9999 -9999 -9999 -9999 -9999 -9999 -9999 0.4550294 9.433865 8.794759 7.869673 5.291402 4.810559 6.53951 15.22812 8.899594 47.44741 35.92738 14.06005 12.11574 5.464075 17.61756 8.350194 11.37304 11.92471 14.31479 6.47924 2.260001 3.694262 2.144877 3.027297 1.969371 0.6789905 2.199379 2.003356 1.035093 1.818018 1.020423 0.9696922 0.9227458
-9999 -9999 -9999 -9999 -9999 -9999 -9999 -9999 -9999 -9999 -9999 -9999 -9999 -9999 -9999 -9999 -9999 -9999 -9999 -9999 -9999 -9999 -9999 -9999 -9999 -9999 -9999 -9999 -9999 -9999 -9999 -9999 -9999 -9999 -9999 -9999 -9999 -9999 1.712057 9.19718 7.999513 9.037565 3.118659 12.11613 52.91304 28.28549 9.584636 48.61369 56.56826 153.9736 40.1217 51.67277 37.63548 14.6035 3.407802 3.972682 4.117768 1.303155 2.291137 1.043362 1.01782 1.716223 0.9514848 1.344368 1.579681 2.549371 1.228814 1.760503 1.518637 0.3253762
-9999 -9999 -9999 -9999 -9999 -9999 -9999 -9999 -9999 -9999 -9999 -9999 -9999 -9999 -9999 -9999 -9999 -9999 -9999 -9999 -9999 -9999 -9999 -9999 -9999 -9999 -9999 -9999 -9999 -9999 -9999 -9999 -9999 -9999 -9999 -9999 -9999 -9999 2.05629 21.24593 7.786973 4.983708 5.312701 2.453175 13.05916 4.20847 2.820851 19.9019 30.46382 15.54513 38.7855 39.74432 15.27971 0.2317814 0.2781442 1.712992 0.4267338 0.2760567 0.3568761 0.8566923 1.102137 1.013081 1.014997 1.759505 1.694794 2.263565 11.07613 0.9408537 1.532638 0.008835789
-9999 -9999 -9999 -9999 -9999 -9999 -9999 -9999 -9999 -9999 -9999 -9999 -9999 -9999 -9999 -9999 -9999 -9999 -9999 -9999 -9999 -9999 -9999 -9999 -9999 -9999 -9999 -9999 -9999 -9999 0.265756 7.852491 2.771576 1.703595 10.46238 1.952899 9.504428 18.3681 11.28362 9.651334 7.447359 22.6566 7.735549 13.87599 15.17598 41.96435 11.17673 -9999 0.96812 0.08027525 26.07522 34.24485 -9999 16.94143 -9999 0.7011174 2.362579 1.329166 0.3006813 0.757689 1.191703 1.159152 0.9593081 1.051428 1.371861 1.215554 1.154295 1.788906 0.455732 -9999
-9999 -9999 -9999 -9999 -9999 -9999 -9999 -9999 -9999 -9999 -9999 -9999 -9999 -9999 -9999 -9999 -9999 -9999 -9999 -9999 -9999 -9999 -9999 -9999 -9999 -9999 -9999 -9999 -9999 -9999 0.5934581 12.86606 4.335125 2.419744 4.301605 1.689775 3.82524 8.997419 7.550457 1.603119 1.465244 -9999 8.588364 1.690302 -9999 -9999 0.04907341 -9999 0.3931722 1.576323 1.983961 6.63581 26.95968 13.21723 10.23499 0.004333727 0.08823182 0.4359826 0.444798 0.6117085 1.522846 2.445633 0.8445162 3.974989 1.710801 1.442328 0.8096775 1.065756 0.0004248095 -9999
-9999 -9999 -9999 -9999 -9999 -9999 -9999 -9999 -9999 -9999 -9999 -9999 -9999 -9999 -9999 -9999 -9999 -9999 -9999 -9999 -9999 -9999 -9999 -9999 -9999 -9999 -9999 -9999 -9999 -9999 -9999 23.91874 2.587669 1.039232 2.560972 8.142951 1.571509 1.146986 4.531979 7.770387 5.917779 18.73181 63.45204 1.17898 -9999 -9999 -9999 -9999 1.496956 1.25773 -9999 0.006054109 -9999 16.34284 15.95824 9.461915 13.8251 0.6287057 -9999 0.8894553 1.023763 2.020721 1.232801 1.904364 2.475595 1.819468 2.181669 3.065197 22.262 12.36176
-9999 -9999 -9999 -9999 -9999 -9999 -9999 -9999 -9999 -9999 -9999 -9999 -9999 -9999 -9999 -9999 -9999 -9999 -9999 -9999 -9999 -9999 -9999 -9999 -9999 -9999 -9999 -9999 -9999 -9999 -9999 9.43923 2.839975 1.525931 3.926592 6.193888 83.61536 0.8235517 1.308348 1.983325 3.628237 -9999 -9999 0.1599161 0.0407321 -9999 -9999 -9999 4.918919 3.345576 -9999 -9999 0.05230032 0.5879114 46.81394 9.38837 7.893899 14.91854 6.588468 0.8438447 0.9513759 3.655003 15.39485 3.000747 1.351568 0.5036934 1.59646 1.492355 3.930204 14.74627
-9999 -9999 -9999 -9999 -9999 -9999 -9999 -9999 0.03336579 -9999 -9999 0.02333161 0.01357404 -9999 -9999 -9999 -9999 -9999 -9999 -9999 -9999 -9999 -9999 -9999 -9999 -9999 -9999 -9999 -9999 -9999 2.571857 6.874827 1.548456 2.382342 1.327775 2.367453 3.918534 1.918789 2.060493 26.67408 0.1548989 0.2794141 7.089463 2.260147 0.5806335 -9999 -9999 -9999 5.025786 8.125287 -9999 -9999 -9999 -9999 -9999 0.9208992 8.262386 0.8117269 1.650269 1.203563 3.123219 3.260854 6.144364 0.6491714 0.01370929 0.2446156 2.500167 4.644803 3.580714 2.531198
-9999 -9999 -9999 -9999 -9999 -9999 -9999 -9999 -9999 -9999 -9999 0.2736927 0.3881435 -9999 -9999 -9999 -9999 -9999 -9999 -9999 -9999 -9999 -9999 -9999 -9999 -9999 -9999 -9999 -9999 -9999 32.86905 3.505647 3.179484 2.75864 1.328089 1.776064 3.53774 1.070708 4.816342 16.33677 1.093679 1.039698 -9999 -9999 -9999 -9999 -9999 -9999 0.1748854 0.001462752 -9999 -9999 0.7159165 10.87057 1.694576 9.705643 7.735016 0.09746303 -9999 -9999 0.6596541 5.223019 4.500394 17.76647 0.4646426 0.04316374 3.90001 9.114851 4.757889 1.544004
-9999 -9999 -9999 -9999 -9999 -9999 -9999 -9999 -9999 -9999 -9999 -9999 -9999 -9999 0.8993095 -9999 -9999 -9999 -9999 -9999 -9999 -9999 -9999 -9999 -9999 -9999 -9999 -9999 -9999 -9999 -9999 2.709168 2.834599 7.366875 11.18148 7.867376 7.815216 1.510465 5.93596 2.830757 -9999 -9999 -9999 -9999 0.0003697879 -9999 0.04755042 0.04522777 0.01138535 0.5506263 0.1826041 0.01626899 4.265159 9.087134 12.03189 12.36554 0.07160781 -9999 -9999 -9999 0.3134539 2.806861 4.688165 20.39459 0.6131027 0.4760767 0.530272 2.546161 2.743595 1.684992
-9999 -9999 -9999 -9999 -9999 -9999 -9999 -9999 -9999 -9999 -9999 -9999 -9999 -9999 0.04250205 -9999 -9999 -9999 -9999 -9999 -9999 -9999 -9999 -9999 -9999 -9999 -9999 -9999 -9999 -9999 -9999 0.0001726178 0.1366174 5.786654 -9999 8.777295 1.666278 3.124235 0.03473314 -9999 0.6840141 1.430172 1.994228 5.334502 3.339303 2.261938 2.818081 2.195638 1.503329 1.671591 3.459958 0.1149441 0.04002307 -9999 3.782444 1.439781 -9999 -9999 -9999 -9999 -9999 0.2286565 0.7431816 0.1013627 0.08861232 0.2297944 0.1381435 0.6948821 1.798849 1.548396
-9999 -9999 -9999 -9999 -9999 -9999 -9999 -9999 -9999 -9999 -9999 -9999 -9999 -9999 -9999 -9999 -9999 -9999 -9999 -9999 -9999 -9999 -9999 -9999 -9999 -9999 -9999 -9999 -9999 -9999 -9999 -9999 -9999 0.1828264 2.214904 0.2882434 0.3692355 0.4536824 0.4941221 2.146906 1.906032 1.060689 0.9192729 0.698407 0.7875656 1.450404 1.045265 0.7750089 0.7425532 1.02499 1.974176 0.07844766 0.06244606 -9999 2.581343 -9999 -9999 -9999 -9999 -9999 -9999 -9999 -9999 0.549345 2.236827 3.485075 0.2030715 0.1009314 -9999 -9999
-9999 -9999 -9999 -9999 -9999 -9999 -9999 -9999 -9999 -9999 -9999 -9999 -9999 -9999 -9999 -9999 -9999 -9999 -9999 -9999 -9999 -9999 -9999 -9999 -9999 -9999 -9999 -9999 -9999 -9999 -9999 -9999 -9999 1.522409 2.413681 1.531308 0.880953 0.8800828 1.104113 0.7595243 0.338213 0.4026115 0.2747703 0.313003 0.4765034 0.3176625 0.2987978 0.4631988 0.6032667 0.7831764 0.7535727 0.02424549 -9999 -9999 -9999 -9999 -9999 -9999 -9999 -9999 -9999 -9999 -9999 2.167386e-005 0.09853922 0.06817024 0.0008441308 -9999 -9999 -9999
-9999 -9999 -9999 -9999 -9999 -9999 -9999 -9999 -9999 -9999 -9999 -9999 -9999 -9999 -9999 -9999 -9999 -9999 -9999 -9999 -9999 -9999 -9999 0.03422385 -9999 -9999 -9999 -9999 -9999 -9999 -9999 0.5553133 4.938878 1.690849 0.4459527 0.4998172 0.3070942 0.1287817 0.07866841 0.06692821 0.04200973 0.05155936 0.2354411 4.012159 0.4437376 0.1180521 0.1141722 0.1862967 0.07435089 0.3370032 0.4217083 0.1622525 -9999 0.9573084 -9999 -9999 -9999 -9999 -9999 -9999 -9999 -9999 -9999 -9999 -9999 -9999 -9999 -9999 -9999 -9999
-9999 -9999 -9999 -9999 -9999 -9999 -9999 -9999 -9999 -9999 -9999 -9999 -9999 -9999 -9999 -9999 -9999 -9999 -9999 -9999 -9999 -9999 0.3505945 1.474105 -9999 -9999 -9999 -9999 -9999 -9999 0.3298644 2.066666 1.249523 1.457139 0.7904608 0.2856905 0.08603064 0.04101904 0.04490339 0.05529614 0.0409213 0.0409213 0.06375948 0.06115545 0.4174272 4.373073 0.5062997 0.1615327 0.1310437 0.1848031 0.0555794 0.7690146 1.789697 6.628729 1.750864 0.4315315 -9999 -9999 -9999 0.001191265 0.4613118 0.5381947 0.2321492 0.03932557 0.0007025328 -9999 -9999 -9999 -9999 -9999
-9999 -9999 -9999 -9999 -9999 -9999 -9999 -9999 -9999 -9999 -9999 -9999 -9999 -9999 -9999 -9999 -9999 -9999 -9999 -9999 -9999 -9999 -9999 -9999 -9999 -9999 -9999 -9999 -9999 -9999 0.790577 1.660981 0.9631957 0.5579231 0.2862416 0.1826547 0.1002176 0.02103098 0.02092717 0.02801637 0.03951807 0.02650793 0.04440988 0.04519055 0.02791511 0.3534132 0.2096578 0.04457421 0.05510593 0.0540077 0.04807173 0.095545 0.2648392 0.07895545 0.1154228 0.03184452 0.02858098 0.00719037 -9999 0.07319547 1.984065 0.8621137 0.2749773 0.08046136 0.06354647 0.009044262 0.02359037 0.03346227 0.003527122 3.675424
-9999 -9999 -9999 -9999 -9999 -9999 -9999 -9999 -9999 -9999 -9999 -9999 -9999 -9999 -9999 -9999 -9999 -9999 -9999 -9999 -9999 -9999 -9999 -9999 -9999 -9999 -9999 -9999 -9999 -9999 1.199423 0.6844266 0.4149047 0.2254872 0.2427969 0.06642804 0.02922923 0.02110242 0.02149217 0.02141846 0.01474031 0.01132574 0.04537709 0.04380918 0.02606419 0.5930994 0.02606419 0.02606419 0.02606419 0.0392312 0.0450178 0.05906518 0.09087875 0.09081374 0.0766439 0.05412787 0.1171734 0.1357691 0.1006204 0.01117284 0.0263377 0.02564814 0.05044409 0.0665288 0.06065339 0.00301544 0.009680147 0.5519838 0.4730531 1.003968
-9999 -9999 -9999 -9999 -9999 -9999 -9999 -9999 -9999 -9999 -9999 -9999 -9999 -9999 -9999 -9999 -9999 -9999 -9999 -9999 -9999 -9999 -9999 -9999 -9999 -9999 0.3495215 -9999 -9999 0.08107243 0.5860494 0.2098654 0.03566396 0.02888302 0.02670372 0.01683055 0.02170938 0.02170938 0.02170938 0.01562762 0.01016328 0.01196547 0.04309354 0.03430842 0.02632898 0.02632898 0.1943398 0.857731 0.06979893 0.8457707 0.04383536 0.05843489 0.09180069 0.07627785 0.0561029 0.03047492 0.06227497 0.1728077 0.133168 0.155708 0.9321715 4.559886 0.02858952 0.06663405 0.06236593 0.01004758 0.004856978 0.00100182 0.001135693 0.004981543
-9999 -9999 -9999 -9999 -9999 -9999 -9999 -9999 -9999 -9999 -9999 -9999 -9999 -9999 -9999 -9999 -9999 -9999 -9999 -9999 -9999 0.0009376562 0.8481425 8.025272 5.475104 0.4301295 1.449483 0.001511497 0.02509354 0.0768683 0.03897763 0.0137164 0.001812436 0.001812436 0.001812436 0.002607443 0.01420834 0.01526045 0.01092899 0.01026232 0.01026206 0.01026137 0.003828646 0.007998536 0.01485136 0.0146544 0.009348331 0.0827787 0.001913329 0.4122953 0.03435541 0.03800647 0.05780248 0.0339459 0.02579703 0.01419049 0.01194156 0.1111826 0.2387611 0.189242 0.02886747 0.9156189 2.325656 0.06234364 0.06526329 0.001146735 0.0013311 0.003405505 0.009373791 0.00594725
-9999 -9999 -9999 -9999 -9999 -9999 -9999 -9999 -9999 -9999 -9999 -9999 -9999 -9999 -9999 -9999 -9999 -9999 -9999 -9999 -9999 0.03340285 0.05254684 0.005293651 2.383759 -9999 0.01243239 0.05229446 0.02057095 0.01631144 0.006948428 0.003700296 0.001798873 0.00180939 0.001829335 0.001829335 0.004620162 0.01035776 0.01035776 0.01035776 0.01035776 0.009950479 0.003288721 0.003242048 0.003288721 0.003238644 0.002079569 0.001931166 0.005871775 0.005950782 0.0311722 0.03049131 0.03044771 0.03035254 0.09028971 0.1666381 0.02407511 0.01234246 0.01234246 0.0259562 0.02863129 0.02880604 3.006557 0.02858821 0.02813763 0.0009913148 0.0009887399 0.003154181 0.003543345 0.002268212
-9999 -9999 -9999 -9999 -9999 -9999 -9999 -9999 -9999 -9999 -9999 -9999 -9999 -9999 -9999 -9999 -9999 -9999 -9999 -9999 -9999 -9999 -9999 -9999 -9999 0.0005716083 0.02094343 0.03072621 0.005130736 0.00541447 0.005469823 0.001924256 0.0007501715 0.001677512 0.001920531 0.005600538 0.01006549 0.01045028 0.01045028 0.01045028 0.01017396 0.006132197 0.003296898 0.003302213 0.003318044 0.003240631 0.002310005 0.001948416 0.001948416 0.0106189 0.03124407 0.03137675 0.03179245 0.03218508 0.1193515 0.03068107 0.01027831 0.01196821 0.01171647 0.004983668 0.003488482 0.003488482 0.003488482 0.003488482 0.003488482 0.0009531176 0.0009531176 0.0009531176 0.0009531176 0.0009973207
-9999 -9999 -9999 -9999 -9999 -9999 -9999 -9999 -9999 -9999 -9999 -9999 -9999 -9999 -9999 -9999 -9999 -9999 -9999 -9999 -9999 -9999 -9999 -9999 -9999 0.002530948 0.003545669 0.003869235 0.000120805 0.0001160026 0.0001163015 0.000118906 0.0001164844 0.0002170008 0.004341083 0.01043935 0.01053955 0.01053955 0.01053955 0.01053955 0.009973089 0.004774729 0.003289637 0.003346428 0.003346428 0.003337479 0.003293018 0.002162306 0.001965077 0.005791851 0.03042153 0.02335463 0.01518899 0.009726905 0.009051698 0.009051698 0.009051698 0.009051698 0.009051698 0.004460412 0.003518295 0.003518295 0.003518295 0.003518295 0.003518295 0.007638483 0.008082293 0.008714035 0.009238928 0.007522712
-9999 -9999 -9999 -9999 -9999 -9999 -9999 -9999 -9999 -9999 -9999 -9999 -9999 -9999 -9999 -9999 -9999 -9999 -9999 -9999 -9999 -9999 -9999 -9999 0.001383659 0.005477093 0.005066061 0.004514499 0.0001811602 0.0001954367 0.000194566 0.0001954398 0.0001954413 0.0003271634 0.0004459956 0.002647463 0.008781111 0.01062911 0.01062911 0.01062911 0.01062911 0.00567438 0.003358229 0.003374911 0.003374911 0.003374911 0.003374911 0.003006278 0.002302136 0.001981796 0.01296476 0.01389909 0.009131714 0.009131714 0.009131714 0.009131714 0.009131714 0.009131714 0.009131714 0.004523696 0.003548253 0.003548253 0.003548253 0.003548253 0.003548254 0.01130633 0.01130633 0.01130633 0.01130633 0.008121352
-9999 -9999 -9999 -9999 -9999 -9999 -9999 -9999 -9999 -9999 -9999 -9999 -9999 -9999 -9999 -9999 -9999 -9999 -9999 -9999 -9999 -9999 -9999 0.0002943714 0.005790023 0.005397107 0.006525756 0.004103069 0.0001954198 0.0001969145 0.0001969145 0.0001985268 0.0002368321 0.0003880327 0.0004555539 0.0004555539 0.0006418893 0.00525256 0.01035393 0.0107075 0.0107075 0.005921626 0.003399796 0.003399796 0.003399796 0.003399796 0.003399796 0.003347927 0.002863816 0.00216061 0.00208333 0.00195657 0.005411798 0.007794737 0.009198993 0.007151776 0.007242134 0.009199038 0.009168077 0.00458188 0.003574418 0.003574418 0.003574418 0.003574418 0.003574418 0.0113897 0.0113897 0.0113897 0.01138958 0.007105326
-9999 -9999 -9999 -9999 -9999 -9999 -9999 -9999 -9999 -9999 -9999 -9999 -9999 -9999 -9999 -9999 -9999 -9999 -9999 -9999 -9999 -9999 -9999 0.00207258 0.004273748 0.0003805388 0.0006989682 0.01822186 0.0001983854 0.0001983824 0.0002179116 0.0002730387 0.0002819103 0.0004250784 0.0005481219 0.0004589509 0.0004589509 0.0004589509 0.001963939 0.008311202 0.01078733 0.006955008 0.003425154 0.003425154 0.003425154 0.003425154 0.003301512 0.003383805 0.003383053 0.002730933 0.002068009 5.812637e-005 5.462318e-005 0.0002506153 0.001798595 0.0003200439 0.0003463762 0.002590369 0.006744027 0.004626012 0.003601079 0.003601079 0.003601079 0.003601079 0.003601079 0.01145139 0.01144506 0.01143991 0.01112329 0.006804683
