data/raw/spatialecon-gecon-v4-gis-ascii/GIS data ASCII/MER1995/mer1995sum.asc
ncols         360
nrows         140
xllcorner     -180.0
yllcorner     -56.0
cellsize      1
NODATA_value  -9999
[rows 0 to 30 of 140, columns 280 to 349 of 360]
-9999 -9999 -9999 -9999 -9999 -9999 -9999 -9999 -9999 -9999 -9999 -9999 -9999 -9999 -9999 -9999 -9999 -9999 -9999 -9999 -9999 -9999 -9999 -9999 -9999 -9999 -9999 -9999 -9999 -9999 -9999 -9999 -9999 -9999 -9999 -9999 -9999 -9999 -9999 -9999 -9999 -9999 -9999 -9999 -9999 -9999 -9999 -9999 -9999 -9999 -9999 -9999 -9999 -9999 -9999 -9999 -9999 -9999 -9999 -9999 -9999 -9999 -9999 -9999 -9999 -9999 -9999 -9999 -9999 -9999
-9999 -9999 -9999 -9999 -9999 -9999 -9999 -9999 -9999 -9999 -9999 -9999 -9999 -9999 -9999 -9999 -9999 -9999 -9999 -9999 -9999 -9999 -9999 -9999 -9999 -9999 -9999 -9999 -9999 -9999 -9999 -9999 -9999 -9999 -9999 -9999 -9999 -9999 -9999 -9999 -9999 -9999 -9999 -9999 -9999 -9999 -9999 -9999 -9999 -9999 -9999 -9999 -9999 -9999 -9999 -9999 -9999 -9999 -9999 -9999 -9999 -9999 -9999 -9999 -9999 -9999 -9999 -9999 -9999 -9999
-9999 -9999 -9999 -9999 -9999 -9999 -9999 -9999 -9999 -9999 -9999 -9999 -9999 -9999 -9999 -9999 -9999 -9999 -9999 -9999 -9999 -9999 -9999 -9999 -9999 -9999 -9999 -9999 -9999 -9999 -9999 -9999 -9999 -9999 -9999 -9999 -9999 -9999 -9999 -9999 -9999 -9999 -9999 -9999 -9999 -9999 -9999 -9999 -9999 -9999 -9999 -9999 -9999 -9999 -9999 -9999 -9999 -9999 -9999 -9999 -9999 -9999 -9999 -9999 -9999 -9999 -9999 -9999 -9999 -9999
-9999 -9999 -9999 -9999 -9999 -9999 -9999 -9999 -9999 -9999 -9999 -9999 -9999 -9999 -9999 -9999 -9999 -9999 -9999 -9999 -9999 -9999 -9999 -9999 -9999 -9999 -9999 -9999 -9999 -9999 -9999 -9999 -9999 -9999 -9999 -9999 -9999 -9999 -9999 -9999 -9999 -9999 -9999 -9999 -9999 -9999 -9999 -9999 -9999 -9999 -9999 -9999 -9999 -9999 -9999 -9999 -9999 -9999 -9999 -9999 -9999 -9999 -9999 -9999 -9999 -9999 -9999 -9999 -9999 -9999
2.383493e-006 1.404606e-005 2.222807e-005 7.855034e-006 6.961457e-007 -9999 -9999 -9999 -9999 -9999 -9999 -9999 -9999 -9999 -9999 -9999 -9999 -9999 -9999 -9999 -9999 -9999 -9999 -9999 -9999 -9999 -9999 -9999 -9999 -9999 -9999 -9999 -9999 -9999 -9999 -9999 -9999 -9999 -9999 -9999 -9999 -9999 -9999 -9999 -9999 -9999 -9999 -9999 -9999 -9999 -9999 -9999 -9999 -9999 -9999 -9999 -9999 -9999 -9999 -9999 -9999 -9999 -9999 -9999 -9999 -9999 -9999 -9999 -9999 -9999
4.664294e-005 6.364669e-005 6.009515e-005 5.970621e-005 4.582274e-005 9.580743e-006 5.954786e-006 5.615711e-006 -9999 -9999 -9999 -9999 -9999 -9999 -9999 -9999 -9999 -9999 -9999 -9999 -9999 -9999 -9999 -9999 -9999 -9999 -9999 -9999 -9999 -9999 -9999 -9999 -9999 -9999 -9999 -9999 -9999 -9999 -9999 -9999 -9999 -9999 -9999 -9999 -9999 -9999 -9999 -9999 -9999 -9999 -9999 -9999 -9999 -9999 -9999 -9999 -9999 -9999 -9999 -9999 -9999 -9999 -9999 -9999 -9999 -9999 -9999 -9999 -9999 -9999
1.218258e-006 1.142511e-005 3.763137e-005 5.481777e-005 5.575759e-005 3.215163e-005 5.773517e-006 3.324879e-006 -9999 -9999 -9999 -9999 -9999 -9999 -9999 -9999 -9999 -9999 -9999 -9999 -9999 -9999 -9999 -9999 -9999 -9999 -9999 -9999 -9999 -9999 -9999 -9999 -9999 -9999 -9999 -9999 -9999 -9999 -9999 -9999 -9999 -9999 -9999 -9999 -9999 -9999 -9999 -9999 -9999 -9999 -9999 -9999 -9999 -9999 -9999 -9999 6.3894e-007 -9999 -9999 -9999 -9999 -9999 -9999 -9999 -9999 -9999 -9999 -9999 -9999 -9999
4.44775e-005 8.6474e-005 9.235678e-005 0.0001063204 0.0001215154 0.0001281851 0.0001283898 9.998412e-005 0.0001304672 0.0001347247 0.0001340256 0.0001235306 7.727591e-005 2.231492e-005 -9999 -9999 -9999 -9999 -9999 -9999 -9999 -9999 -9999 -9999 -9999 -9999 -9999 -9999 -9999 -9999 -9999 -9999 -9999 -9999 -9999 -9999 -9999 0 0.0002988742 0.0001388687 1.778289e-006 0.00018308 0 -9999 -9999 -9999 -9999 -9999 1.389335e-005 1.597663e-005 -9999 -9999 1.056283e-005 -9999 -9999 -9999 -9999 -9999 -9999 -9999 -9999 -9999 -9999 -9999 -9999 -9999 -9999 -9999 -9999 -9999
0.0001381009 0.0001544595 0.000171426 0.0001914782 0.0001917188 0.0001917188 0.0001917188 0.0001917188 0.0001917188 0.0001917188 0.0001917188 0.0001917188 0.000179925 0.0001069233 -9999 -9999 -9999 -9999 -9999 -9999 -9999 -9999 -9999 -9999 -9999 -9999 -9999 -9999 -9999 -9999 -9999 -9999 -9999 -9999 -9999 0.0004026284 5.792842e-005 0.001855466 0.002609174 0.002555073 0.002012569 0.002600753 0.002352349 0.002077073 0.001498805 9.67477e-005 0.0001532383 0.0002410412 0.0001931208 0.000150429 7.534085e-005 -9999 -9999 -9999 -9999 -9999 -9999 -9999 -9999 -9999 -9999 -9999 -9999 -9999 -9999 -9999 -9999 -9999 -9999 -9999
0.0001771273 0.0002044252 0.0002044252 0.0002044252 0.0002044252 0.0002044252 0.0002044252 0.0002044252 0.000204372 0.0001778623 0.0001089571 0.0001130241 0.0003534489 0.0001048394 -9999 1.40841e-006 4.707588e-006 -9999 -9999 -9999 -9999 -9999 -9999 -9999 -9999 -9999 -9999 -9999 -9999 -9999 -9999 -9999 -9999 -9999 -9999 0.0001561797 4.935722e-005 4.796285e-005 0.0007136478 0.0005848431 0.0009809403 0.0002232165 0.0003620076 0.0001994494 -9999 -9999 -9999 2.899558e-005 0.000149828 0.000151418 7.354305e-005 -9999 -9999 -9999 -9999 -9999 -9999 -9999 -9999 -9999 -9999 -9999 -9999 -9999 -9999 -9999 -9999 -9999 -9999 -9999
0.0002174774 0.0002174774 0.0002174774 0.0002174774 0.0002174774 0.0002152486 0.0001678253 0.0001157782 0.0001006993 0.0001124449 0.0003150512 0.0007651638 0.0007510707 0.0005781766 0.0006178988 0.0007169798 0.0006833629 0.0006157482 0.0004474797 0.0001057438 4.536203e-005 -9999 2.581514e-005 0.0004209976 0.0008836461 0.0006521493 0.0005434379 0.0005929316 0.0003430528 5.480969e-005 -9999 -9999 -9999 -9999 -9999 0 7.038873e-005 -9999 -9999 3.899283e-005 0.0004634714 0.001607412 0.001734954 0.0006803747 -9999 -9999 -9999 -9999 -9999 -9999 -9999 -9999 -9999 -9999 -9999 -9999 -9999 -9999 -9999 -9999 -9999 -9999 -9999 -9999 -9999 -9999 -9999 -9999 -9999 -9999
0.0002304173 0.0002304173 0.0002304173 0.0002304173 0.0002304173 0.0002163986 0.0002274419 0.0002304173 0.0002304173 0.0002304173 0.0002868681 0.0006756926 0.0009541362 0.001060291 0.001090119 0.001091287 0.0009924127 0.0009109954 0.001005187 0.0009378726 0.0009742384 0.001195006 0.001198584 0.001208705 0.001251878 0.001248318 0.001248466 0.001248395 0.001224142 0.0004743518 -9999 -9999 -9999 -9999 -9999 -9999 -9999 -9999 -9999 0.0007249574 0.001544656 0.002451744 0.002230466 0.002051543 0.001488933 0.001114718 0.0005624934 0.0002316905 0.0002186178 0.0001082528 -9999 -9999 -9999 -9999 -9999 -9999 -9999 -9999 -9999 -9999 -9999 -9999 -9999 -9999 -9999 -9999 -9999 -9999 -9999 -9999
0.0002431097 0.0002431097 0.0002431097 0.0002431097 0.0002431097 0.0002431097 0.0002431097 0.0002431097 0.0002431097 0.0002431097 0.0002431097 0.0002419776 0.0002050057 0.0006161664 0.001123728 0.0005319533 0.0002171586 0.0002163152 0.0002163152 0.0002163152 0.0002355048 0.0004908976 0.001123796 0.001318668 0.001318668 0.001318668 0.001322668 0.001236184 0.001212578 0.000528595 2.012606e-005 0.0001293813 0.002411763 0.00170884 0.001285232 0.001961084 0.001868092 0.001453556 0.001900802 0.001901343 0.003291255 0.003297583 0.002641212 0.0008558197 0.0007615246 0.0007605734 0.0007336154 0.0007481613 0.0007636521 0.0006484723 0.0004081693 0.000234644 2.956378e-006 -9999 1.28561e-006 0.0001118978 0.0001789546 0.0001193122 1.434244e-006 -9999 -9999 -9999 -9999 -9999 -9999 -9999 -9999 -9999 -9999 -9999
0.0002557161 0.0002557161 0.0002557161 0.0002557161 0.0002557161 0.0002557161 0.0002557161 0.0002557161 0.0002557161 0.0002389811 0.0002208851 0.0002218459 0.0002271084 0.000309051 0.0003716848 0.0002286971 0.0002268711 0.0002268711 0.0002268711 0.0002268711 0.0006369799 0.0009950122 0.001365419 0.001383004 0.001383004 0.00133006 0.001309183 0.001327702 0.001383004 0.001383004 0.00125595 0.001170922 0.00232664 0.003300406 0.003456379 0.003458489 0.003458489 0.003418826 0.003386969 0.003458489 0.00344348 0.001879787 0.0008538082 0.0008006715 0.0008006715 0.0008006715 0.0007891689 0.0007761097 0.0008006715 0.0008006715 0.0008006715 0.0007824876 0.001552918 0.002010512 0.002257836 0.002337841 0.002337841 0.002337841 0.002084611 0.001597957 8.233579e-005 2.046837e-005 -9999 -9999 -9999 -9999 -9999 -9999 0 -9999
0.0002064469 0.0002146547 0.0002291698 0.0002367882 0.0002321831 0.0002340379 0.0002260161 0.0002322113 0.0002359012 0.000225301 0.0002389683 0.0002389683 0.0002389683 0.0002389683 0.0002389683 0.0002389683 0.0002389683 0.0002389683 0.0002389683 0.0002930466 0.000996363 0.001162337 0.001391817 0.001456611 0.001344608 0.001390868 0.001456803 0.001456803 0.001456803 0.001456803 0.001456803 0.001402067 0.001291323 0.002218218 0.003054336 0.003146397 0.003237119 0.003553078 0.003643011 0.003643037 0.003643037 0.003269464 0.001848894 0.001272417 0.001201429 0.001154664 0.001020907 0.001031754 0.001081602 0.00120079 0.001303259 0.001334356 0.001997536 0.002138955 0.002391051 0.002429286 0.002431475 0.002462551 0.002424257 0.002298185 0.001450323 0.001193721 0.00148878 0.001424365 0.001300537 0.001174339 0.001038963 0.003813408 0.004024166 0.001056432
0.000186732 0.000186732 0.0001767379 0.000186732 0.000186732 0.000186732 0.0001859918 0.0002492452 0.0002492452 0.0002492452 0.0002492452 0.0002492452 0.0002492452 0.0002492452 0.0002492452 0.0002492452 0.0002492452 0.0002492452 0.0002739256 0.0003907352 0.0006691659 0.0007405135 0.0007383738 0.0007136497 0.000759841 0.0007886821 0.0008999392 0.0008442568 0.0007858517 0.0007996511 0.0007377158 0.0006796545 0.000670906 0.00176754 0.003150777 0.003150777 0.003150777 0.003150777 0.003450267 0.003798462 0.003799389 0.00279521 0.001633059 0.00161775 0.00161775 0.00161775 0.00161775 0.001615899 0.001586083 0.001540662 0.001555447 0.001341325 0.001438497 0.001564583 0.001467896 0.001532086 0.001871378 0.001932272 0.002345713 0.002547199 0.002514819 0.002499064 0.002452361 0.0021761 0.0021761 0.0021761 0.0021761 0.005155161 0.006764433 0.005913193
0.0001950899 0.0001950899 0.0001950899 0.0001950899 0.0001950899 0.0001945806 0.0001976714 0.0002610364 0.0002610364 0.0002610364 0.0002610364 0.0002610364 0.0002610364 0.0002610364 0.0002610364 0.0002610364 0.0002610364 0.0003270605 0.0006282135 0.0008227255 0.0007762893 0.0007762893 0.0007667423 0.0006583464 0.0007611995 0.0007762893 0.0007747115 0.0007221821 0.0007026789 0.0007026789 0.0007026789 0.0007026789 0.0007026789 0.002239655 0.0032999 0.0032999 0.0032999 0.003187116 0.003275744 0.002281877 0.001362082 0.001321139 0.001332891 0.001530637 0.001692995 0.001601399 0.001515799 0.001421145 0.002056223 0.002152452 0.001940492 0.001652023 0.001638257 0.001638638 0.001620207 0.001615372 0.001638638 0.001762145 0.002337818 0.002269011 0.002269011 0.002269011 0.002269011 0.002269011 0.002269011 0.002269011 0.002269011 0.00269875 0.003822656 0.004438692
0.000203356 0.000203356 0.000203356 0.000203356 0.000203356 0.0002027082 0.002450183 0.004110941 0.004968295 0.003199263 0.003957029 0.004730766 0.004427907 0.001568805 0.0002726839 0.0002726839 0.0002726839 0.0002726839 0.004977858 0.009090915 0.004785819 0.0008109189 0.0008109189 0.0006710946 0.0007898597 0.0008109189 0.0008868101 0.001939566 0.002025362 0.001767879 0.0007400953 0.0007340022 0.001640678 0.003428362 0.003447011 0.003447011 0.003446838 0.003447011 0.003447011 0.003072584 0.001871219 0.001068034 0.001068034 0.001068034 0.00115565 0.001082438 0.001068034 0.001485411 0.002299374 0.002623889 0.002623889 0.002569583 0.002124963 0.001813106 0.001879753 0.00190885 0.001833034 0.001747162 0.002249502 0.002387256 0.002360475 0.002360475 0.002360475 0.002360475 0.002360475 0.002360475 0.002192182 0.002112641 0.00190018 0.001581011
0.0002114535 0.0002114535 0.0002114535 0.0002114535 0.0002114535 0.0002141833 0.002563908 0.006659605 0.006589798 0.006659605 0.006659605 0.006659605 0.003886769 0.0002847798 0.0002824291 0.0003191753 0.000347266 0.005323683 0.01088273 0.01091635 0.007871249 0.001191753 0.0008399178 0.000833613 0.0006745677 0.001510221 0.001887453 0.003677276 0.003911942 0.003911942 0.003530803 0.002848038 0.003557247 0.003550398 0.003498274 0.00344433 0.003409144 0.003422713 0.003436834 0.003707355 0.003515487 0.002860466 0.001991255 0.001125665 0.001106229 0.001106229 0.001106229 0.001451944 0.002621087 0.002717776 0.002717776 0.002717776 0.002760932 0.002884998 0.002961819 0.003025368 0.003022115 0.002992695 0.002696426 0.002088033 0.00241247 0.00249334 0.002450506 0.002450506 0.002450506 0.002040554 0.001445972 0.00144495 0.00144495 0.00144495
0.0002168084 0.0002183946 0.0002194477 0.0002194477 0.0002194477 0.0005743334 0.00286492 0.00405967 0.004510894 0.006925732 0.006925732 0.006925732 0.006774305 0.005053523 0.006713623 0.01151181 0.01185666 0.01264322 0.01261852 0.01140781 0.01135358 0.01111744 0.009134865 0.007580772 0.007494952 0.003550122 0.003830784 0.004013977 0.004068248 0.004068248 0.004068248 0.004063296 0.003785507 0.003542657 0.003542657 0.003511875 0.003536829 0.003542657 0.003542657 0.004587049 0.007053135 0.007196596 0.007196596 0.006599903 0.004221447 0.002924507 0.003251989 0.002819974 0.008779678 0.009613153 0.006972964 0.005830893 0.003041707 0.003142584 0.003142584 0.00332428 0.003909015 0.005129718 0.002331051 0.001600097 0.001600097 0.001670212 0.00185097 0.001204816 0.001251665 0.001212299 0.001233633 0.001358313 0.001551316 0.001497115
0.0003079113 0.0003178348 0.0002916253 0.0002275587 0.0002275587 0.0002275587 0.0005210805 0.0008393278 0.001624777 0.003925492 0.006634534 0.006756641 0.00708186 0.007658787 0.01047986 0.01183099 0.01303695 0.01310431 0.01312121 0.01244837 0.01177255 0.01177918 0.01178535 0.01010679 0.005494811 0.004368922 0.004296555 0.004806045 0.01211302 0.01571912 0.01810694 0.01779467 0.0135076 0.007821416 0.003676579 0.003676579 0.003676579 0.003676579 0.003676579 0.004207918 0.00649359 0.007468595 0.007468595 0.007468595 0.007468595 0.01309228 0.01769845 0.01769834 0.02221351 0.02488253 0.02509882 0.008384421 0.003257883 0.003257883 0.003321352 0.005362311 0.005538096 0.005088249 0.002514689 0.001658812 0.001658812 0.001658812 0.001433826 0.0009552778 0.0009552778 0.0009552778 0.0009552778 0.0009552778 0.001117052 0.001630088
0.0009018749 0.0008653872 0.0008309455 0.0007332171 0.0005445937 0.0002352848 0.0006646185 0.0008984518 0.0008984518 0.002128803 0.007075813 0.006325443 0.007298126 0.1713541 0.01004622 0.01115269 0.01115269 0.01130777 0.01180304 0.01173788 0.01204221 0.0121947 0.009865628 0.008103011 0.007985367 0.006539587 0.005543003 0.006489545 0.2079159 0.4093726 0.04087437 0.03372255 0.02722879 0.0198485 0.01178067 0.005169635 0.003808146 0.003914427 0.004271254 0.005212829 0.003717019 0.004505394 0.007343872 0.007122649 0.007677429 0.01548088 0.01686982 0.01627654 0.01894587 0.03146126 0.03350565 0.02823425 0.006534803 0.004053968 0.004634171 0.005712152 0.0056429 0.003208453 0.001716461 0.001716461 0.001716461 0.001716461 0.001360991 0.0005419941 0.0006999177 0.0009759054 0.0009884689 0.0009884689 0.001013015 0.001390533
0.0008943251 0.0008943251 0.0008943251 0.0008943251 0.0007684471 0.0006376239 0.0009183245 0.0009284006 0.0009284006 0.00170314 0.005335615 0.007618355 0.007851688 0.0117788 0.01372853 0.01444858 0.01419779 0.01171849 0.009931861 0.006595002 0.006473968 0.007187348 0.006745726 0.005100743 0.008059278 0.01570318 0.01939382 0.02747761 0.1140543 0.3312264 0.06436588 0.03863083 0.03102781 0.02862355 0.0178382 0.00807639 0.004768874 0.005009753 0.003612825 0.002257101 0.00158726 0.001587046 0.001798563 0.001736625 0.00187957 0.001754699 0.005379774 0.01291362 0.01346917 0.01459566 0.02582559 0.0330203 0.03102497 0.01240487 0.005920979 0.005937835 0.004378296 0.0006106197 0.0003277384 0.0003899835 0.001508746 0.001457775 0.000542157 0.0001800071 0.0009917649 0.001349182 0.00199179 0.002439315 0.003088127 0.003662287
0.001009305 0.0009226993 0.0009226993 0.0009226993 0.0008946068 0.0009379624 0.0009577709 0.0009577709 0.0009577709 0.001561961 0.01105135 0.01605117 0.01600789 0.01681735 0.01193621 0.006432165 0.008139359 0.007492855 0.004879531 0.004875377 0.004739543 0.004757777 0.004819056 0.004801578 0.007068367 0.01638833 0.009608431 0.009785127 0.01373824 0.02071758 0.02449623 0.01536557 0.01048072 0.005421575 0.005416828 0.005416828 0.005416828 0.005416828 0.002071024 0.001637827 0.001637827 0.001637827 0.001637827 0.001637827 0.001636477 0.001995569 0.003781451 0.006544282 0.00753349 0.008804502 0.0174225 0.02199592 0.01182437 0.00620325 0.00548031 0.002555213 0 -9999 -9999 1.930509e-005 0.000351662 0.0004309756 0.003244669 0.004182864 0.003313098 0.003190268 0.003254365 0.002283434 0.001682484 0.00223993
0.01670127 0.01443486 0.00786769 0.002018041 0.000936012 0.0009699347 0.000987431 0.000987431 0.000987431 0.005772986 0.01208169 0.009983816 0.01015796 0.008516807 0.0028913 0.002568192 0.002568192 0.002753405 0.002906257 0.004905567 0.004979922 0.00493283 0.005185142 0.007629241 0.009626101 0.01034361 0.01034361 0.01034361 0.01034401 0.01126448 0.01154529 0.009276949 0.005357176 0.003153656 0.003552536 0.00257598 0.002408772 0.002049362 0.00171435 0.001689 0.001689 0.001689 0.001373816 0.001077978 0.00102004 0.001042558 0.00117143 0.003687894 0.004129406 0.002003715 0.5801854 0.04973394 0.006180848 0.005463382 0.003008287 0.0002887147 -9999 -9999 -9999 0.0001280729 0.002279491 0.004747977 0.005683359 0.001849716 0.0007281636 9.092906e-005 0.0002103927 -9999 -9999 -9999
0.01935302 0.01629428 0.2810573 0.01131363 0.00687948 0.001232623 0.002335752 0.006202255 0.006299551 0.01046878 0.009830342 0.007418691 0.006022861 0.005194108 0.002643741 0.002643741 0.002643741 0.002808756 0.002854577 0.004059397 0.005176222 0.005175344 0.005628391 0.01543639 0.01620808 0.01064544 0.01064544 0.01064544 0.01064544 0.01064544 0.01064544 0.008780356 0.001880847 0.0004157049 0.0004157049 0.0004157049 0.0004157049 0.0004157049 0.0009681318 0.001507078 0.001525233 0.0006447369 0 -9999 -9999 -9999 -9999 -9999 -9999 -9999 -9999 0.0006393191 0.0002896473 -9999 -9999 -9999 -9999 0 0.0008723032 0.0036309 0.00504031 0.00575085 0.002098202 0.0005279581 0.000698304 -9999 -9999 -9999 -9999 -9999
0.02571975 0.01191943 0.01846873 0.04338261 0.03011448 0.007433 0.008975388 0.01076487 0.01203476 0.0111958 0.01006567 0.006116737 0.006117994 0.004081083 0.05127809 0.002586577 0.002682104 0.003025405 0.002735363 0.002931536 0.005212692 0.005386049 0.01276857 0.03306539 0.02892855 0.02602615 0.02203261 0.0140159 0.01217406 0.01273579 0.01101934 0.004999537 0.0004283274 0.000427423 0.000427423 0.000427423 0.000427423 0.000427423 0.0004215845 0.0002822136 6.164672e-005 -9999 -9999 -9999 -9999 -9999 -9999 -9999 -9999 -9999 -9999 -9999 -9999 -9999 -9999 -9999 0.0005986213 0.004469835 0.005112473 0.005317948 0.01154075 0.01056849 0.008035979 0.0004579516 -9999 -9999 -9999 -9999 -9999 -9999
0.03545865 0.6969893 0.03546936 0.0544159 0.05102668 0.1502865 0.0093616 0.01293907 0.01228603 0.00688705 0.005226789 0.004934998 0.01127094 0.01566598 0.009496221 0.001975902 0.00314845 0.002984088 0.002811797 0.002985541 0.005041061 0.005158103 0.0080522 0.01239531 0.02594917 0.03437971 0.03437971 0.03437971 0.03437971 0.03435756 0.03201296 0.007906924 0.0004392219 0.0004392219 0.0004392219 0.0004392219 0.0004392219 0.0003897917 9.006126e-005 -9999 -9999 -9999 -9999 -9999 -9999 -9999 -9999 -9999 -9999 -9999 -9999 -9999 -9999 -9999 -9999 0.0006012741 0.004887522 0.004774997 0.004090489 0.0120543 0.01795647 0.01794692 0.01336398 0.003332795 -9999 -9999 -9999 -9999 -9999 -9999
0.03621593 0.03849966 0.03804534 0.02217282 0.01548245 0.008844757 0.009760156 0.01408459 0.01159087 0.04233068 0.005660177 0.00878429 0.004630055 0.006474596 0.002596187 0.001775277 0.002895261 0.003221585 0.002148258 0.00101696 0.0006809231 0.001770722 0.005550414 0.005550482 0.1148666 0.007044573 0.008366623 0.007969485 0.008967059 0.007641944 0.007677521 0.003127467 0.002102013 0.0005221709 0.0005225012 0.0004698718 0.0002153114 7.049584e-005 7.919365e-006 -9999 -9999 -9999 -9999 -9999 -9999 -9999 -9999 -9999 -9999 -9999 -9999 -9999 -9999 -9999 -9999 0.002753993 0.00469382 0.004107634 0.01015425 0.01761023 0.01974478 0.01555999 2.814799e-005 -9999 -9999 0.0006626064 0.001976301 -9999 -9999 -9999
0.1606833 0.06406737 0.0791866 0.01545097 0.00966571 0.010123 0.01210078 0.0126238 0.007667256 0.003084235 0.01351521 0.008517705 0.001689595 0.001689595 0.001702838 0.002362108 0.00283958 0.002999937 0.001270948 0.001783268 0.004284558 0.007669986 0.01225621 0.01531972 0.0067851 0.006314275 0.003940988 0.003241236 0.003600682 0.003934353 0.003550989 0.001612082 0.0005751281 0.000575087 0.000575087 0.0004169915 0.0002905529 0.0001645767 4.598443e-005 0.002713349 0.0003494018 -9999 0.002777286 0 -9999 -9999 -9999 -9999 -9999 -9999 -9999 -9999 -9999 -9999 -9999 0.002066295 0.007412941 0.01113799 0.0213721 0.0204402 0.01124863 0.008932374 0.0004596519 -9999 -9999 -9999 0.001712656 0.0007988448 9.016837e-005 -9999
0.03887429 0.1089289 0.2202736 0.3051077 0.07337695 0.04635053 0.01456507 0.009091889 0.00801126 0.02145768 0.01979469 0.00455389 0.004712306 0.005072422 0.004453067 0.003597044 0.008011973 0.02232579 0.01813526 0.01474108 0.01248795 0.01530209 0.02890874 0.02933654 0.0313399 0.02956415 0.01339831 0.06538709 0.004253605 0.006265911 0.004900619 0.00333404 0.002211591 0.003239605 0.003453756 0.0006267903 0.0009161925 0.0009670081 0.002518755 0.01368167 0.09851421 0.004181106 0.08815777 0.001218086 -9999 -9999 -9999 -9999 -9999 -9999 -9999 -9999 -9999 -9999 -9999 0.000174767 0.01369262 0.01869475 1.342852 0.01545227 0.0001147982 -9999 -9999 -9999 -9999 -9999 -9999 -9999 -9999 -9999
