data/raw/spatialecon-gecon-v4-gis-ascii/GIS data ASCII/MER1995/mer1995sum.asc
ncols         360
nrows         140
xllcorner     -180.0
yllcorner     -56.0
cellsize      1
NODATA_value  -9999
[rows 62 to 92 of 140, columns 140 to 209 of 360]
-9999 -9999 -9999 -9999 -9999 -9999 -9999 -9999 -9999 -9999 -9999 -9999 -9999 -9999 -9999 -9999 -9999 -9999 -9999 -9999 -9999 -9999 0.000105927 0.01168297 0.009521336 0.007376453 0.0029849 0.002218385 0.0002332903 0.0002576642 0.0002841964 0.0002839469 0.0003254235 0.0005320764 0.0005211925 0.0006758964 0.0006758964 0.0006758964 0.0006758964 0.000979466 0.005925274 0.01133774 0.004976597 0.003820884 0.003820884 0.003820884 0.003737003 0.003627979 0.002821149 0.001762762 0.001675477 6.39524e-005 6.524633e-005 6.524633e-005 6.524633e-005 0.000290943 0.0003844057 0.0003844057 0.0003844057 0.001200994 0.003047873 0.004068343 0.004069042 0.004069042 0.004069042 0.001422321 0.001422306 0.001422306 0.001422306 0.001422309
-9999 -9999 -9999 -9999 -9999 -9999 -9999 -9999 -9999 -9999 -9999 -9999 -9999 -9999 -9999 -9999 -9999 -9999 -9999 -9999 -9999 -9999 0.0003032372 0.01663812 0.01125418 0.003352705 0.007170705 0.002217893 0.0002866187 0.0002862904 0.0002858628 0.0002858628 0.0004637322 0.0005669812 0.0003545043 0.0008458374 0.0006804492 0.0006804555 0.000892002 0.000707802 0.0006590364 0.005116127 0.005048501 0.003846619 0.003846619 0.003846619 0.003536429 0.002042399 0.001708941 0.001631603 0.001707937 6.647312e-005 6.568441e-005 6.568441e-005 6.568441e-005 0.0001385651 0.0003869948 0.0003869948 0.0003869948 0.0003869948 0.0003869948 0.001213222 0.003094392 0.004100862 0.004096464 0.001528051 0.001466273 0.001431886 0.001431886 0.001431886
-9999 -9999 -9999 -9999 -9999 -9999 -9999 -9999 -9999 -9999 -9999 -9999 -9999 -9999 -9999 -9999 -9999 -9999 -9999 -9999 -9999 -9999 -9999 0.004546593 0.002028939 0.002991115 0.003813602 0.002334954 0.002845049 0.0002171915 0.0002123703 0.0002616727 0.0005746185 0.0005812587 0.0003576197 0.00111229 0.0008211224 0.0005057827 0.0005695508 0.0006621965 0.0006494884 0.000663208 0.0006925887 0.003231812 0.003852696 0.003818687 0.001766381 0.001653749 0.00172257 0.001723058 0.001723058 6.915251e-005 0.0006407688 0.0008220141 6.610499e-005 0.0001665603 0.0003894638 0.0003894638 0.0003894638 0.0003894638 0.0003894638 0.0003894638 0.0003894638 0.00129732 0.006097063 0.006097063 0.005279499 0.00563076 0.007527736 0.007506363
-9999 -9999 -9999 -9999 -9999 -9999 -9999 -9999 -9999 -9999 -9999 -9999 -9999 -9999 -9999 -9999 -9999 -9999 -9999 -9999 -9999 -9999 -9999 0.07287017 0.2647144 0.005808769 0.00741953 0.00882361 0.007086758 0.0002823651 0.0001857476 0.0004200813 0.0005847681 0.0005847681 0.000386255 0.003008764 0.001229444 0.0004809248 0.0004401518 0.00130978 0.001187429 0.0006702269 0.0007136117 0.0007050026 0.002664498 0.003903191 0.00146908 0.001636018 0.00173349 0.001733435 0.001735678 7.273187e-005 0.0009406285 0.001303204 6.950289e-005 0.0002063365 0.000391816 0.000391816 0.0003517521 0.0003770888 0.000391816 0.0003838341 0.000391816 0.000391816 0.006134127 0.006134126 0.005005718 0.007289548 0.01166262 0.01166262
-9999 -9999 -9999 -9999 -9999 -9999 -9999 -9999 -9999 -9999 -9999 -9999 -9999 -9999 0.03900595 0.001077579 -9999 -9999 -9999 -9999 -9999 -9999 -9999 0.01171187 0.07347979 0.0102925 0.01453538 0.01523524 0.01588337 0.006404143 0.004556614 0.002486597 0.0006016286 0.0005880973 0.000433829 0.00285334 0.003370987 0.001085544 0.004207246 0.004408187 0.003946458 0.002322599 0.001607141 0.00158539 0.00240266 0.003479741 0.002829051 0.003465128 0.003860624 0.003904754 0.003887784 0.000326009 0.0002518896 0.0003189935 0.0003197537 0.0003543182 0.0003906954 0.0003578316 0.0003335062 0.0003780759 0.0003931285 0.0003849631 0.0003851057 0.0003940464 0.006168863 0.005786326 0.004400076 0.007360565 0.01172907 0.01172907
-9999 -9999 -9999 -9999 -9999 -9999 -9999 -9999 -9999 -9999 -9999 -9999 -9999 -9999 0.03438114 0.07171186 -9999 0.01528166 -9999 -9999 -9999 -9999 -9999 0.07992673 0.08470216 0.07535391 0.05575098 0.0413744 0.03828109 0.01936907 0.01418421 0.02136244 0.02252235 0.01094805 0.004132774 0.005582375 0.05781455 0.009897671 0.009360158 0.01914549 0.02647823 0.003849517 0.001604723 0.001544919 0.002513643 0.002786127 0.003568416 0.003542263 0.003816915 0.003254987 0.001455034 0.0009361051 0.0003211829 0.0003211829 0.0005587373 0.002747642 0.001548996 0.0003953823 0.0003209 0.0004685503 0.0003783379 0.0003790663 0.0003931669 0.000391811 0.005829523 0.005005845 0.005432906 0.0104452 0.01236127 0.01250557
-9999 -9999 -9999 -9999 -9999 -9999 -9999 -9999 -9999 -9999 -9999 -9999 -9999 -9999 -9999 0.004701452 0.1782289 0.0002566761 -9999 -9999 -9999 -9999 0.002127412 0.3263932 0.09391364 0.05276196 0.06122718 0.06393684 0.02715668 0.02918205 0.04045288 0.023992 0.02080753 0.01857927 0.006115072 0.02510652 0.03957771 0.0149368 0.009710838 0.005834279 0.009244675 0.008477948 0.009436112 0.01531707 0.006780208 0.009412502 0.004154706 0.00323739 0.004160727 0.002672909 0.0009281849 0.0008490541 0.0003078834 0.0003700643 0.003060452 0.003915962 0.003915962 0.003411773 0.003162305 0.006137077 0.003943045 0.005786223 0.005625884 0.004593438 0.006024296 0.00532459 0.004730957 0.009691092 0.009805493 0.009805493
-9999 -9999 -9999 -9999 -9999 -9999 -9999 -9999 -9999 -9999 -9999 -9999 -9999 -9999 -9999 0.04377019 0.05955811 -9999 -9999 -9999 -9999 -9999 1.325922 0.8602186 0.3161699 0.07673874 0.05390289 0.06377205 0.04667651 0.02845427 0.02689625 0.01605847 0.01715609 0.02488929 0.03572458 0.07577819 0.0740463 0.03286805 0.02899369 0.04060537 0.04072229 0.06491467 0.04362595 0.03831644 0.06205722 0.1191853 0.08478181 0.07822753 0.0567939 0.03630111 0.01041949 0.004111504 0.0008806341 0.0062239 0.006159777 0.003932401 0.003395792 0.004711563 0.00819659 0.00807306 0.007032029 0.006623701 0.04311482 0.03704242 0.01229104 0.007457149 0.004753143 0.01232468 0.009939731 0.01808411
-9999 -9999 -9999 -9999 -9999 -9999 -9999 -9999 -9999 -9999 -9999 -9999 -9999 -9999 -9999 -9999 -9999 -9999 -9999 -9999 -9999 -9999 -9999 0.3589912 0.2715928 0.1677244 0.07344241 0.02849007 0.015261 0.01507297 0.0233417 0.0458306 0.08949465 0.1102715 0.0976287 0.07912638 0.06113209 0.1319814 0.1199721 0.09043985 0.04778054 0.08565395 0.1286285 0.08070978 0.07874563 0.2929464 0.1630222 0.2244706 0.2059713 0.1001931 0.04955751 0.03914168 0.03241149 0.02788272 0.01104582 0.01159616 0.00452461 0.00720359 0.008139878 0.008151926 0.008792069 0.04521172 0.09342599 0.0577132 0.06294218 0.06915134 0.03168178 0.05624318 0.05841102 0.09324953
-9999 -9999 -9999 -9999 -9999 -9999 -9999 -9999 -9999 -9999 -9999 -9999 -9999 -9999 -9999 -9999 -9999 -9999 -9999 -9999 -9999 -9999 -9999 0.2069875 0.2160679 0.1212552 0.07214835 0.05572175 0.04723171 0.01905824 0.03452051 0.214289 0.1015931 0.05785276 0.1242503 0.08153209 0.08545614 0.1710555 0.32879 0.1529963 0.04743655 0.02999029 0.04395634 0.09936175 0.2403631 0.1840255 0.2108371 0.4602518 0.6021043 0.3678459 0.2321445 0.06151019 0.05191623 0.06890286 0.3024863 0.02451721 0.0238217 0.01212168 0.007748601 0.007418275 0.008954579 0.01390331 0.05563693 0.04974297 0.07689901 0.07806379 0.03352878 0.06668999 0.0660032 0.07524819
-9999 -9999 -9999 -9999 -9999 -9999 -9999 -9999 -9999 -9999 -9999 -9999 -9999 -9999 -9999 -9999 -9999 -9999 -9999 -9999 -9999 -9999 -9999 0.008667386 0.09689292 0.08335029 0.08025343 0.2512954 0.106506 0.05095539 0.07250716 0.06751584 0.05261802 0.07463882 0.1010404 0.1493202 0.0837459 0.07974871 0.08061372 0.1667071 0.06304076 0.04443068 0.06962871 0.09310777 0.1555555 0.1242117 0.1503831 0.5286189 0.9022493 0.3287644 0.2723938 0.1185483 0.05322976 0.2787296 0.273459 0.03926324 0.02394528 0.01456736 0.007239927 0.00460835 0.02324338 0.005876934 0.01532823 0.03885642 0.04818223 0.0562839 0.03161901 0.05076457 0.01983705 0.01875225
-9999 -9999 -9999 -9999 -9999 -9999 -9999 -9999 -9999 -9999 -9999 -9999 -9999 -9999 -9999 -9999 -9999 -9999 -9999 -9999 -9999 -9999 -9999 -9999 0.001664232 0.08157064 0.1613238 0.1845044 0.1058004 0.05183106 0.06249152 0.07130457 0.04149058 0.1079264 0.1112887 0.05482709 0.05875718 0.09837495 0.0892493 0.2120266 0.1752952 0.1109261 0.07270032 0.05831826 0.0633095 0.08853399 0.08483219 0.3847154 0.2113359 0.1327239 0.1403795 0.2306067 0.1344787 0.4985457 0.6415548 0.2221125 0.03076933 0.01833742 0.01004667 0.009500673 0.003944402 0.003564306 0.003429051 0.02755179 0.0279457 0.01867654 0.03447965 0.02078885 0.009155334 0.03378608
-9999 -9999 -9999 -9999 -9999 -9999 -9999 -9999 -9999 -9999 -9999 -9999 -9999 -9999 -9999 -9999 -9999 -9999 -9999 -9999 -9999 -9999 -9999 -9999 -9999 3.854048e-005 0.5813003 0.1326913 0.051259 0.07031554 0.09498853 0.09061035 0.09761322 0.1307076 0.3420723 0.05840513 0.06991998 0.0525586 0.04718269 0.1601414 0.1018989 0.2017677 0.09481346 0.05246889 0.04182406 0.09233197 0.1338526 0.1593757 0.3107793 0.2643924 0.0901085 0.1848155 0.166648 0.2544359 0.1246062 0.1280774 0.0443532 0.07346542 0.06297602 0.02014599 0.003524436 0.002509059 0.002306516 0.01228226 0.01567738 0.002063019 0.01808047 0.02147234 0.03313951 0.02711345
-9999 -9999 -9999 -9999 -9999 -9999 -9999 -9999 -9999 -9999 -9999 -9999 -9999 -9999 -9999 -9999 -9999 -9999 -9999 -9999 -9999 -9999 -9999 -9999 -9999 -9999 0.1652101 0.1639066 0.137503 0.2059076 0.1315611 0.1302724 0.1097647 0.1207934 0.1529668 0.09492827 0.119656 0.1215141 0.04825384 0.06820122 0.1108397 0.1067134 0.09212342 0.1828831 0.3789721 0.1338885 0.1066634 0.1101413 0.1787239 0.1517296 0.06828389 0.1057944 0.09127603 0.07946703 0.03763298 0.05659953 0.09546353 0.02497496 0.02409432 0.004283292 0.002027923 0.002442509 0.002164813 0.004746314 0.00316987 0.002068729 0.01152428 0.03188552 0.07389662 0.03296002
-9999 -9999 -9999 -9999 -9999 -9999 -9999 -9999 -9999 -9999 -9999 -9999 -9999 -9999 -9999 -9999 -9999 -9999 -9999 -9999 -9999 -9999 -9999 -9999 -9999 -9999 8.760932e-005 0.0451384 0.132363 0.02227099 0.05036088 0.2394215 0.4284088 0.3906424 0.4713972 0.4050398 0.2847915 0.2432444 0.184828 0.06362899 0.1826296 0.2168239 0.2836834 0.7259012 0.8208635 0.6240628 0.3478123 0.2758913 0.2609386 0.1987069 0.0813497 0.03563482 0.0534114 0.08084951 0.05256895 0.03432177 0.02926394 0.0138818 0.01348215 0.01122884 0.001546503 0.006344769 0.003923621 0.0008798935 0.0004518979 0.001354194 0.006903629 0.01268726 0.02473473 0.03296867
-9999 -9999 -9999 -9999 -9999 -9999 -9999 -9999 -9999 -9999 -9999 -9999 -9999 -9999 -9999 -9999 -9999 -9999 -9999 -9999 -9999 -9999 -9999 -9999 -9999 -9999 -9999 -9999 0.01073464 0.03224508 0.01553165 0.1452528 0.2889265 0.6279526 0.7020336 0.3928825 0.3979809 0.2029187 0.6691037 0.3101161 0.2883454 0.7397153 0.8533883 1.942608 0.2435516 0.3615542 0.6919737 0.8288752 0.3797478 0.3162858 0.5338376 0.1490897 0.05123927 0.08009345 0.07193288 0.03568195 0.01946253 0.02476995 0.01170533 0.01795668 0.005776736 0.008133421 0.006124248 0.001052773 0.001035513 0.0002471704 0.005970328 0.0092071 0.0197672 0.02899239
-9999 -9999 -9999 -9999 -9999 -9999 -9999 -9999 -9999 -9999 -9999 -9999 -9999 -9999 -9999 -9999 -9999 -9999 -9999 -9999 -9999 -9999 -9999 -9999 -9999 -9999 -9999 -9999 -9999 0.001767908 0.01115484 0.01583062 0.07716531 0.5037994 0.4143957 1.582195 1.261817 0.1915037 0.3443346 1.097464 0.08376889 0.001332951 -9999 -9999 4.261043 5.552313 2.657492 1.206923 0.2217026 0.5165916 1.350479 0.1460663 0.09024968 0.04821278 0.03714183 0.022414 0.01543398 0.01736347 0.008564794 0.01969084 0.03128912 0.02343003 0.004290536 0.008742653 0.002352062 0.003941353 0.003006404 0.007128095 0.0113014 0.009789279
-9999 -9999 -9999 -9999 -9999 -9999 -9999 -9999 -9999 -9999 -9999 -9999 -9999 -9999 -9999 -9999 -9999 -9999 -9999 -9999 -9999 -9999 -9999 -9999 -9999 -9999 -9999 -9999 -9999 -9999 8.628459e-005 0.003482995 0.07453924 0.08399202 0.0001014584 -9999 -9999 0.02104385 0.05787212 -9999 -9999 -9999 -9999 -9999 -9999 2.05738 7.320261 2.48025 0.9352137 0.8030898 0.254812 0.3927068 0.1109816 0.05487002 0.06366982 0.03369016 0.02503007 0.02280319 0.4049368 0.01452313 0.02063509 0.02464332 0.01572498 0.007295268 0.003977264 0.002137302 0.001793271 0.004836307 0.00849723 0.006867377
-9999 -9999 -9999 -9999 -9999 -9999 -9999 -9999 -9999 -9999 -9999 -9999 -9999 -9999 -9999 -9999 -9999 -9999 -9999 -9999 -9999 -9999 -9999 -9999 -9999 -9999 -9999 -9999 -9999 -9999 -9999 -9999 -9999 -9999 -9999 -9999 -9999 -9999 -9999 -9999 -9999 -9999 -9999 -9999 -9999 -9999 -9999 -9999 0.07448503 0.5554157 0.2338579 0.7113344 0.09045743 0.04410019 0.03905169 0.01913846 0.01137775 0.01816827 0.0230577 0.04379823 0.02546553 0.0133619 0.01824707 0.00750261 0.005017773 0.007603361 0.007704648 0.009490182 0.006356846 0.01206322
-9999 -9999 -9999 -9999 -9999 -9999 -9999 -9999 -9999 -9999 -9999 -9999 -9999 -9999 -9999 -9999 -9999 -9999 -9999 -9999 -9999 -9999 -9999 -9999 -9999 -9999 -9999 -9999 -9999 -9999 -9999 -9999 -9999 -9999 -9999 -9999 -9999 -9999 -9999 -9999 -9999 -9999 -9999 -9999 -9999 -9999 -9999 -9999 -9999 0.01753829 0.1190049 0.1985536 0.06284098 0.04778918 0.02995447 0.02317292 0.01379613 0.01304 0.02514336 0.03034686 0.02459588 0.02320567 0.03225002 0.01170217 0.007403366 0.007375681 0.008142191 0.02956269 0.01703656 0.01691704
-9999 -9999 -9999 -9999 -9999 -9999 -9999 -9999 -9999 -9999 -9999 -9999 -9999 -9999 -9999 -9999 -9999 -9999 -9999 -9999 -9999 -9999 -9999 -9999 -9999 -9999 -9999 -9999 -9999 -9999 -9999 -9999 -9999 -9999 -9999 -9999 -9999 -9999 -9999 -9999 -9999 -9999 -9999 -9999 -9999 -9999 -9999 -1e+008 -9999 0.06017374 0.09170676 0.2758956 0.1238122 0.03962638 0.02262902 0.01497466 0.01189788 0.01479794 0.006535756 0.007057539 0.008393423 0.008555598 0.00745688 0.007573162 0.008335877 0.005494151 0.00294682 0.01134115 0.005949005 0.02759299
-9999 -9999 -9999 -9999 -9999 -9999 -9999 -9999 -9999 -9999 -9999 -9999 -9999 -9999 -9999 -9999 -9999 -9999 -9999 -9999 -9999 -9999 -9999 -9999 -9999 -9999 -9999 -9999 -9999 -9999 -9999 -9999 -9999 -9999 -9999 -9999 -9999 -9999 -9999 -9999 -9999 -9999 -9999 -9999 -9999 -9999 -1e+008 -9999 -9999 2.462242 0.1146891 0.08313314 0.07937942 0.08243373 0.02397728 0.02042319 0.0152925 0.01415502 0.008172275 0.006834548 0.006846001 0.007569246 0.008502901 0.01176525 0.01935659 0.04438495 0.002596653 0.003690595 0.04006316 0.1462891
-9999 -9999 -9999 -9999 -9999 -9999 -9999 -9999 -9999 -9999 -9999 -9999 -9999 -9999 -9999 -9999 -9999 -9999 -9999 -9999 -9999 -9999 -9999 -9999 -9999 -9999 -9999 -9999 -9999 -9999 -9999 -9999 -9999 -9999 -9999 -9999 -9999 -9999 -9999 -9999 -9999 -9999 -9999 -9999 -9999 -9999 -9999 -9999 0.04401758 0.3767231 0.1579717 0.07229118 0.1010319 0.08517956 0.04958748 0.0531123 0.03774852 0.01469545 0.02407178 0.007478695 0.009550164 0.01136591 0.009882304 0.008729835 0.005846533 0.00470387 0.004825463 0.004371303 0.02502052 0.1707117
-9999 -9999 -9999 -9999 -9999 -9999 -9999 -9999 -9999 -9999 -9999 -9999 -9999 -9999 -9999 -9999 -9999 -9999 -9999 -9999 -9999 -9999 -9999 -9999 -9999 -9999 -9999 -9999 -9999 -9999 -9999 -9999 -9999 -9999 -9999 -9999 -9999 -9999 -9999 -9999 -9999 -9999 -9999 -9999 -9999 0.002226122 -9999 -9999 0.004402197 0.2072128 0.1258584 0.1329721 0.1506278 0.3774259 0.04871429 0.06068046 0.04191118 0.01166693 0.0116018 0.007364882 0.002065498 0.003851113 0.009389394 0.008297326 0.005865382 0.005265071 0.005772029 0.007517504 0.07669479 0.5654466
0.01800419 -9999 -9999 -9999 -9999 -9999 -9999 -9999 -9999 -9999 -9999 -9999 -9999 -9999 -9999 -9999 -9999 -9999 -9999 -9999 -9999 -9999 -9999 -9999 -9999 -9999 -9999 -9999 -9999 -9999 -9999 -9999 -9999 -9999 -9999 -9999 -9999 -9999 -9999 -9999 -9999 -9999 -9999 -9999 -9999 -9999 -9999 -9999 -9999 0.01852458 0.1220933 0.1746217 0.08318562 0.08385249 0.04910195 0.03212509 0.02714111 0.01128432 0.01603063 0.005903907 0.00325335 0.003055302 0.006041175 0.01012565 0.01075512 0.008754705 0.01244836 0.01047523 0.1571301 0.5970393
0.4956552 7.461739 -9999 -9999 -9999 -9999 -9999 0.006666714 -9999 -9999 -9999 -9999 -9999 -9999 -9999 -9999 -9999 -9999 -9999 -9999 -9999 -9999 -9999 -9999 -9999 -9999 -9999 -9999 -9999 -9999 -9999 -9999 -9999 -9999 -9999 -9999 -9999 -9999 -9999 -9999 -9999 -9999 -9999 -9999 -9999 -9999 -9999 -9999 -9999 -9999 0.02427543 0.1064547 0.1343601 0.09432143 0.07238907 0.7659166 0.009533776 0.02352143 0.02145278 0.006688069 0.003499958 0.004151153 0.008842228 0.03860996 0.01267308 0.00481476 0.0232309 0.01410428 0.05519983 0.3986808
0.2552404 0.8221616 0.4003566 0.03028555 -9999 -9999 -9999 -9999 -9999 -9999 -9999 -9999 -9999 -9999 -9999 -9999 -9999 -9999 -9999 -9999 -9999 -9999 -9999 -9999 -9999 -9999 -9999 -9999 -9999 -9999 -9999 -9999 -9999 -9999 -9999 -9999 -9999 -9999 -9999 -9999 -9999 -9999 -9999 -9999 -9999 -9999 -9999 -9999 -9999 -9999 -9999 0.3467747 0.4144788 0.2169454 0.1801671 1.34666 0.02843689 0.02696644 0.06906866 0.04315681 0.01631145 0.01794059 0.01910011 0.01391548 0.01217599 0.004635156 0.02082867 0.008889325 0.01878412 0.09574313
0.2787454 0.3061027 0.8625276 0.4595903 2.527171 -9999 -9999 -9999 -9999 -9999 -9999 -9999 -9999 -9999 -9999 -9999 -9999 -9999 -9999 -9999 -9999 -9999 -9999 -9999 -9999 -9999 -9999 -9999 -9999 -9999 -9999 -9999 -9999 -9999 -9999 -9999 -9999 -9999 -9999 -9999 -9999 -9999 -9999 -9999 -9999 -9999 -9999 -9999 -9999 -9999 -9999 1.487561 0.7426054 0.08429118 0.05622413 0.04982562 0.02642159 0.02757197 0.0414261 0.03456417 0.02441452 0.0255345 0.07161487 0.0383972 0.01605843 0.01176552 0.02441867 0.01856342 0.01564305 0.02981018
0.3736316 0.5314812 0.4143388 0.3650802 0.9757787 0.09980983 -9999 -9999 -9999 -9999 -9999 -9999 -9999 -9999 -9999 -9999 -9999 -9999 -9999 -9999 -9999 -9999 -9999 -9999 -9999 -9999 -9999 -9999 -9999 -9999 -9999 -9999 -9999 -9999 -9999 -9999 -9999 -9999 -9999 -9999 -9999 -9999 -9999 -9999 -9999 -9999 -9999 -9999 -9999 -9999 -9999 0.03544342 0.1802811 0.02452764 0.03915821 0.06230367 0.05223908 0.01496495 0.01085185 0.01905593 0.04018565 0.03867136 0.04293742 0.1763306 0.04710202 0.01807101 0.01363949 0.0128227 0.01504164 0.0258269
0.7569228 0.3953358 0.4421341 0.4382395 2.65105 5.005632 -9999 -9999 -9999 -9999 -9999 -9999 -9999 -9999 -9999 -9999 -9999 -9999 -9999 -9999 -9999 -9999 -9999 -9999 -9999 -9999 -9999 -9999 -9999 -9999 -9999 -9999 -9999 -9999 -9999 -9999 -9999 -9999 -9999 -9999 -9999 -9999 -9999 -9999 -9999 -9999 -9999 -9999 -9999 -9999 -9999 -9999 0.7096666 0.02565475 0.05660618 0.06232775 0.05536959 0.02323556 0.01015479 0.009976345 0.01708736 0.02027527 0.02460799 0.03942028 0.01424875 0.0154927 0.02479263 0.01899891 0.01375102 0.01916199
0.2206862 0.3180634 0.2634783 1.204644 4.415776 6.131412 -9999 -9999 -9999 -9999 -9999 -9999 -9999 -9999 -9999 -9999 -9999 -9999 -9999 -9999 -9999 -9999 -9999 -9999 -9999 -9999 -9999 -9999 -9999 -9999 -9999 -9999 -9999 -9999 -9999 -9999 -9999 -9999 -9999 -9999 -9999 -9999 -9999 -9999 -9999 -9999 -9999 -9999 -9999 -9999 -9999 0.4984605 0.1839032 0.386146 0.04963262 0.06572123 0.0486389 0.03294509 0.01276726 0.01279186 0.01255589 0.01086923 0.006839451 0.008647159 0.009277429 0.01398218 0.02475608 0.0127091 0.01110311 0.03105453
