data/raw/spatialecon-gecon-v4-gis-ascii/GIS data ASCII/MER1995/mer1995sum.asc
ncols         360
nrows         140
xllcorner     -180.0
yllcorner     -56.0
cellsize      1
NODATA_value  -9999
[rows 0 to 30 of 140, columns 210 to 279 of 360]
-9999 -9999 -9999 -9999 -9999 -9999 -9999 -9999 -9999 -9999 -9999 -9999 -9999 -9999 -9999 -9999 -9999 -9999 -9999 -9999 -9999 -9999 -9999 -9999 -9999 -9999 -9999 -9999 -9999 -9999 -9999 -9999 -9999 -9999 -9999 -9999 -9999 -9999 -9999 -9999 -9999 -9999 -9999 -9999 -9999 -9999 -9999 -9999 -9999 -9999 -9999 -9999 -9999 -9999 -9999 -9999 -9999 -9999 -9999 -9999 -9999 -9999 -9999 -9999 -9999 -9999 -9999 -9999 -9999 -9999
-9999 -9999 -9999 -9999 -9999 -9999 -9999 -9999 -9999 -9999 -9999 -9999 -9999 -9999 -9999 -9999 -9999 -9999 -9999 -9999 -9999 -9999 -9999 -9999 -9999 -9999 -9999 -9999 -9999 -9999 -9999 -9999 -9999 -9999 -9999 -9999 -9999 -9999 -9999 -9999 -9999 -9999 -9999 -9999 -9999 -9999 -9999 -9999 -9999 -9999 -9999 -9999 -9999 -9999 -9999 -9999 -9999 -9999 -9999 -9999 -9999 -9999 -9999 -9999 -9999 -9999 -9999 -9999 -9999 -9999
-9999 -9999 -9999 -9999 -9999 -9999 -9999 -9999 -9999 -9999 -9999 -9999 -9999 -9999 -9999 -9999 -9999 -9999 -9999 -9999 1.553965e-005 -9999 -9999 -9999 1.292967e-005 2.198043e-005 5.322746e-005 7.791793e-005 7.905639e-005 2.502124e-005 1.874439e-005 1.833481e-005 1.825495e-005 2.368594e-005 3.80169e-005 1.196002e-005 -9999 -9999 -9999 -9999 -9999 -9999 -9999 -9999 -9999 -9999 -9999 -9999 -9999 -9999 -9999 -9999 -9999 -9999 -9999 -9999 -9999 -9999 -9999 0 7.847017e-006 5.919163e-006 -9999 3.506615e-007 4.407523e-006 1.361248e-005 3.973703e-006 -9999 -9999 -9999
-9999 -9999 -9999 -9999 -9999 -9999 -9999 -9999 -9999 -9999 -9999 -9999 -9999 -9999 4.984082e-007 2.597472e-005 6.115734e-005 9.090597e-005 0.0001222703 0.0001213897 0.0001112366 3.356557e-005 2.963414e-005 5.847661e-005 6.942665e-005 8.198431e-005 0.000164322 0.0001638506 0.0001057425 8.280144e-005 0.0001325196 0.000111615 2.587774e-005 7.535881e-005 7.233148e-005 1.431781e-005 -9999 -9999 -9999 -9999 -9999 -9999 -9999 -9999 -9999 -9999 -9999 -9999 0 6.710612e-006 2.350109e-006 -9999 -9999 -9999 -9999 -9999 -9999 -9999 -9999 -9999 0 5.85276e-006 2.128658e-005 5.807228e-005 6.040699e-005 5.894848e-005 5.687206e-005 2.793101e-005 2.357068e-006 1.246261e-006
-9999 -9999 -9999 -9999 -9999 -9999 -9999 -9999 -9999 -9999 -9999 -9999 -9999 -9999 -9999 -9999 -9999 -9999 -9999 -9999 1.593782e-005 9.070585e-006 -9999 -9999 -9999 -9999 -9999 -9999 7.031048e-006 1.647556e-005 -9999 -9999 -9999 -9999 -9999 -9999 -9999 -9999 -9999 -9999 -9999 -9999 -9999 -9999 -9999 -9999 6.086147e-006 2.706366e-006 -9999 -9999 -9999 -9999 -9999 -9999 -9999 -9999 -9999 -9999 -9999 -9999 -9999 1.223524e-005 2.243556e-005 1.749113e-005 4.328421e-005 6.863775e-005 7.11988e-005 6.699836e-005 6.7439e-005 5.969127e-005
-9999 -9999 -9999 -9999 -9999 -9999 -9999 -9999 -9999 -9999 -9999 -9999 -9999 -9999 -9999 -9999 -9999 -9999 -9999 -9999 -9999 -9999 -9999 -9999 -9999 -9999 -9999 -9999 -9999 -9999 -9999 -9999 -9999 -9999 -9999 -9999 -9999 -9999 -9999 -9999 -9999 -9999 -9999 -9999 -9999 -9999 -9999 -9999 -9999 -9999 -9999 -9999 -9999 -9999 -9999 -9999 -9999 -9999 -9999 -9999 -9999 -9999 -9999 4.372093e-007 -9999 0 7.010972e-007 1.142806e-005 1.583988e-005 1.88424e-005
-9999 -9999 -9999 -9999 -9999 -9999 -9999 -9999 -9999 -9999 -9999 -9999 -9999 -9999 -9999 -9999 -9999 -9999 -9999 -9999 -9999 -9999 -9999 -9999 -9999 -9999 -9999 -9999 -9999 -9999 -9999 -9999 -9999 -9999 -9999 -9999 -9999 6.60844e-008 0 -9999 -9999 -9999 -9999 -9999 -9999 -9999 -9999 -9999 -9999 -9999 -9999 -9999 1.063858e-006 -9999 -9999 -9999 -9999 -9999 1.658248e-006 4.878972e-006 -9999 5.680408e-007 0 -9999 -9999 3.147696e-006 5.879019e-006 -9999 -9999 1.662834e-006
-9999 -9999 -9999 -9999 -9999 -9999 -9999 -9999 -9999 -9999 -9999 -9999 -9999 -9999 -9999 -9999 -9999 -9999 -9999 -9999 -9999 -9999 -9999 -9999 -9999 -9999 -9999 -9999 -9999 3.585659e-006 3.346987e-005 0.0001064884 9.295263e-005 0.0001124892 0.0001525141 0.000214865 0.000320757 0.0003231096 0.0001973629 -9999 -9999 -9999 -9999 -9999 -9999 -9999 -9999 -9999 -9999 -9999 -9999 -9999 -9999 -9999 -9999 -9999 -9999 -9999 -9999 -9999 -9999 -9999 2.422239e-007 5.882957e-006 1.626435e-005 2.652554e-005 1.730743e-005 8.239031e-006 1.735676e-005 3.309954e-005
-9999 -9999 -9999 -9999 -9999 -9999 -9999 -9999 -9999 -9999 -9999 -9999 -9999 -9999 -9999 -9999 -9999 -9999 -9999 -9999 -9999 -9999 -9999 -9999 -9999 8.921464e-006 7.299788e-005 0.0001728614 0.00030933 0.000387654 0.0003981945 0.0003018021 0.0002166173 0.0001536122 0.000106305 5.360774e-005 7.44551e-006 -9999 -9999 -9999 -9999 -9999 -9999 -9999 -9999 -9999 -9999 -9999 -9999 -9999 -9999 6.688099e-006 8.289251e-006 1.086717e-006 -9999 -9999 8.803257e-007 9.765141e-006 2.610441e-005 4.695838e-005 6.020053e-005 6.650707e-005 7.764406e-005 9.241836e-005 9.878473e-005 9.720692e-005 9.375756e-005 9.680413e-005 9.917277e-005 0.0001027639
-9999 -9999 -9999 -9999 -9999 -9999 -9999 -9999 -9999 -9999 -9999 -9999 -9999 -9999 -9999 -9999 -9999 -9999 -9999 -9999 -9999 -9999 -9999 -9999 1.530279e-005 0.0001596502 0.0003954038 0.0004373446 0.0003375516 0.0001730134 4.608186e-005 -9999 -9999 -9999 -9999 -9999 -9999 -9999 -9999 -9999 -9999 -9999 -9999 -9999 -9999 -9999 -9999 -9999 -9999 2.28118e-006 -9999 -9999 3.139685e-006 3.661233e-006 3.957598e-006 1.794683e-005 5.334015e-005 9.879756e-005 0.000105747 0.000105747 0.000105747 0.000105747 0.000105747 0.000105747 0.000105747 0.000105747 0.000105747 0.0001062472 0.0001145468 0.0001224711
-9999 -9999 -9999 -9999 -9999 -9999 -9999 -9999 -9999 -9999 -9999 -9999 -9999 -9999 -9999 -9999 -9999 -9999 -9999 -9999 -9999 -9999 -9999 0.0001063518 0.0003748712 0.0004582852 0.0003813209 0.0001525039 1.515585e-006 -9999 -9999 -9999 -9999 -9999 -9999 -9999 -9999 -9999 -9999 2.615681e-005 0.001115202 0.0004287571 -9999 -9999 0.0001879327 0.0001272167 0.0001367464 -9999 2.047382e-007 2.62305e-006 2.675413e-005 6.76327e-005 7.193638e-005 7.323454e-005 8.27219e-005 8.543624e-005 0.0001005075 0.0001110518 0.0003101228 0.0004459533 0.0004960261 0.0001827291 0.0001348151 0.0001314665 0.0001236172 0.0001273302 0.0001815304 0.0002099597 0.0002174774 0.0002174774
-9999 -9999 -9999 -9999 -9999 -9999 -9999 -9999 -9999 -9999 -9999 -9999 -9999 -9999 -9999 -9999 -9999 -9999 -9999 -9999 -9999 2.469195e-005 0.0001944138 0.0004904679 0.0005099172 0.0003137947 1.747933e-005 -9999 -9999 -9999 -9999 -9999 -9999 -9999 -9999 -9999 -9999 -9999 0.0004320859 0.002533006 0.002567417 0.002540263 0.001640436 -9999 0.0004105289 0.00128921 0.0001236634 0.001083518 0.0009459117 0.0001897574 4.97922e-005 7.786662e-005 0.0001518772 0.0002294578 0.0002116325 0.0004076466 0.001347789 0.001360387 0.001819573 0.002356118 0.00235771 0.001925157 0.0007672592 0.000237309 0.0002304173 0.0002304173 0.0002304173 0.0002304173 0.0002304173 0.0002304173
-9999 -9999 -9999 -9999 -9999 -9999 -9999 -9999 -9999 -9999 -9999 -9999 -9999 -9999 -9999 -9999 -9999 -9999 -9999 -9999 -9999 0.0001304043 0.0003402018 0.0004222272 0.0005301741 0.0004138808 5.333021e-005 -9999 -9999 -9999 -9999 -9999 -9999 -9999 -9999 -9999 0.0001337415 0.001212106 0.002524996 0.003086615 0.003086615 0.003019356 0.0008661812 0.001728785 0.003439233 0.00175826 0.002021689 0.002398234 0.003152351 0.002459988 0.0006445181 0.0003127961 0.0002173331 0.0002896049 0.0004143715 0.0004143715 0.0004143715 0.0004143715 0.001276439 0.002468291 0.002487564 0.002487564 0.002487564 0.001114983 0.0002431097 0.0002431097 0.0002431097 0.0002431097 0.0002431097 0.0002431097
0.1554867 0.003621158 -9999 -9999 -9999 -9999 -9999 -9999 -9999 -9999 -9999 -9999 -9999 -9999 -9999 -9999 -9999 -9999 -9999 -9999 -9999 -9999 0 4.787716e-005 0.0001646286 0.0002056887 0.0002031232 6.346151e-005 8.633547e-005 0.0001557762 5.430691e-006 -9999 -9999 -9999 -9999 -9999 0.0002256166 0.002467706 0.003246622 0.003246622 0.002895891 0.003244239 0.002150682 0.0002693205 0.003333085 0.003687761 0.003723833 0.003711874 0.003542008 0.00309632 0.001536185 0.0004335444 0.0003365209 0.0003094705 0.0004358733 0.0005008724 0.001511157 0.001336061 0.001900102 0.00260744 0.00261662 0.00261662 0.002571518 0.001231363 0.0002557161 0.0002557161 0.0002557161 0.0002557161 0.0002557161 0.0002557161
0.1043717 0.03698975 0.1692909 0.8352212 0.05716236 0.0574288 0.01333158 -9999 -9999 -9999 -9999 -9999 -9999 -9999 -9999 -9999 -9999 -9999 0.0001865575 0.0002562741 3.047044e-005 -9999 -9999 -9999 0 -9999 -9999 -9999 1.314402e-005 0.0001236409 0.0002945602 0.0004694953 0.0004317145 0.0003751213 0.0003440783 0.0004483495 0.0002614398 0.001510022 0.00306911 0.003335592 0.003195331 0.003386986 0.001953252 0.0008734545 0.003411561 0.003040582 0.003332639 0.00391025 0.003888977 0.002208897 0.001219545 0.001183996 0.0006562093 0.0004250275 0.0008890228 0.002477501 0.002669601 0.002381136 0.7959465 0.002525946 0.002546913 0.00250579 0.0007219749 0.000265351 0.0002623698 0.0002417038 0.0002246481 0.000208017 0.0002004762 0.0001931272
0.04295805 0.04121323 0.241897 0.4648962 0.01487037 0.01648724 0.05634733 0.04640908 0.001618581 0.000457942 0 -9999 -9999 5.561527e-005 0.0002876872 0.0003048949 7.4686e-005 -9999 0.0001211934 9.936326e-005 0.0001584559 0.0002879591 0.0003426609 0.0004409126 0.0001591922 0.0003423408 0.0003727681 0.0004068731 0.0005594924 0.0003346981 0.0004659144 0.0006177089 0.0006211037 0.0009771035 0.02692915 0.03232808 0.002881143 0.001928067 0.001439742 0.003522342 0.003542376 0.003490221 0.003242529 0.0007261247 0.003022861 0.009154356 0.01201882 0.003041875 0.004045851 0.004094179 0.004094179 0.004094179 0.003209615 0.001701172 0.002326405 0.002907654 0.002969039 0.002705786 0.002630275 0.002655525 0.002456766 0.002614348 0.002521306 0.001706445 0.0003154739 0.0001858642 0.000186732 0.000186732 0.000186732 0.000186732
0.08777422 0.1277306 0.2960649 0.2539088 0.08586454 0.004873093 0.004688739 0.004676146 0.004676146 0.004674358 0.003809611 0.0004612984 -9999 4.251461e-005 0.0005760786 0.0002914996 8.031799e-005 7.826685e-005 0.000450146 0.0006037678 0.0006399457 0.0006485268 0.0007296805 0.0007760629 0.04618941 0.0008013546 0.000789911 0.0007784783 0.0008581017 0.001044583 0.0008928647 0.002704849 0.03069842 0.1093745 0.1623754 0.1396734 0.01490086 0.003254146 0.003266004 0.003636329 0.003720173 0.003530408 0.002125388 0.0003563596 0.005358687 0.00845685 0.01092166 0.009953314 0.005521628 0.004168804 0.00427418 0.004220495 0.0021941 0.001564186 0.002361984 0.0133139 0.01553968 0.008929257 0.004214118 0.00224037 0.002279372 0.001487064 0.0003048128 0.0001907227 0.0001921709 0.0001912583 0.0001949424 0.0001950899 0.0001950899 0.0001950899
0.03351823 0.03419758 0.03217059 0.009947349 0.00418616 0.004346939 0.00511837 0.00581694 0.006033144 0.005278004 0.002821215 0.001093495 0.001925366 0.001158062 0.001441427 0.001012854 0.0006075372 0.0006303064 0.0008623181 0.001549125 0.003044875 0.005251601 0.00700937 0.01015008 0.009979668 0.009150594 0.009150704 0.1857626 0.01532711 0.03558255 0.03566932 0.03761587 0.104336 0.1352397 0.06326092 0.004438684 0.4284226 0.003392196 0.003583926 0.004589297 0.004637822 0.003614428 0.004195722 0.007526848 0.008808731 0.009752425 0.6695926 0.0154852 0.01507764 0.008307868 0.003575162 0.003413083 0.002706203 0.001920186 0.001365611 0.00538464 0.01348756 0.0060351 0.001318247 0.0008586937 0.000312907 0.0002033253 0.0002033195 0.0001955658 0.0001977689 0.0002009393 0.000203356 0.000203356 0.000203356 0.000203356
0.01579355 0.00752317 0.008094335 0.009492306 0.006054422 0.001936488 0.0006027935 0.0008296544 -9999 0.001176803 0.009180329 0.007428662 0.005822219 0.005098015 0.004473012 0.004424791 0.004243506 0.00381768 0.00448267 0.006860516 0.007286751 0.007286751 0.008570945 0.02135099 0.02143246 0.01414294 0.01352252 0.2371773 0.01694493 0.03226749 0.03766911 0.0392898 0.02059348 0.005834319 0.005834319 0.005729709 0.005677196 0.004679241 0.003732416 0.00439194 0.007462898 0.00916175 0.3408995 0.00916175 0.00916175 0.01157916 0.01590833 0.01610557 0.01610557 0.0134199 0.003455879 0.002723515 0.002723515 0.002692636 0.002183086 0.00142012 0.00142012 0.001346703 0.001183262 0.0003662349 0.0002106415 0.0002087732 0.0002114535 0.0002114535 0.0002114535 0.0002114535 0.0002114535 0.0002114535 0.0002114535 0.0002114535
0.1048219 0.008182599 0.009811224 0.01897658 0.05045953 0.007672777 0.002947203 0.006891991 0.008022122 0.4147133 0.7668256 0.01549734 0.01541497 0.01279854 0.01109997 0.007518134 0.006624518 0.006946122 0.006721684 0.007901024 0.009717247 0.02028719 0.08011357 0.05212577 0.02477168 0.02338115 0.01478454 0.01126572 0.01095227 0.01170508 0.01641526 0.0130574 0.01179467 0.008556204 0.008683322 0.009199582 0.006943073 0.006311781 0.005781994 0.005519901 0.007801286 0.009508878 0.009508878 0.009508878 0.01150823 0.01487194 0.01671595 0.01671595 0.01666846 0.01274418 0.002722982 0.00282622 0.00282674 0.00282674 0.002775019 0.002710749 0.001479176 0.001389531 0.001473729 0.00120978 0.0008877606 0.0006194541 0.0002170785 0.0002168187 0.0002171676 0.0002181342 0.0002194477 0.0002194477 0.0002168488 0.0002167905
0.2089773 0.03172882 0.01658496 0.02201579 0.08436701 0.02212248 0.01374293 0.007486089 0.05058348 0.01413281 0.0251547 0.02062179 0.01945046 0.01457787 0.01335308 0.01238718 0.01245411 0.01213845 0.01135712 0.01251785 0.02258303 0.0278226 0.09716765 0.2637923 0.06379683 0.02931263 0.01227023 0.07200969 0.008750149 0.01063258 0.01353644 0.01353644 0.01353644 0.01353644 0.01751135 0.02625779 0.1440944 0.008462747 0.008462747 0.008581066 0.009929584 0.01304432 0.01729266 0.01875447 0.202523 0.652083 0.01777906 0.01732916 0.01732916 0.01358094 0.006973467 0.002966383 0.002930428 0.002930428 0.002930428 0.0024996 0.001528523 0.001438645 0.001520366 0.001521895 0.001528523 0.001464631 0.0008827238 0.0007661573 0.0004480179 0.0002753348 0.0002257461 0.0002253523 0.0002268615 0.0002412073
0.5268558 0.06685608 0.01894484 0.02071939 0.08516572 0.02429976 0.0230743 0.02208603 0.024939 0.02727024 0.03574733 0.02645632 0.01883158 0.01780827 0.01407466 0.01278847 0.01424619 0.01726524 0.02003524 0.06775342 0.06269759 0.02877904 0.0279976 0.06807355 0.0778819 0.01961602 0.01251314 0.01251314 0.01251314 0.01502732 0.01400694 0.01812154 0.02809396 0.0318786 0.03834738 0.5201665 0.04795017 0.02389493 0.01447111 0.0148128 0.0169665 0.03227008 0.0332717 0.03318117 0.3935347 0.03299716 0.02138435 0.3607923 0.01435004 0.01392234 0.01209518 0.01030774 0.00958744 0.007403616 0.004502872 0.001925846 0.001580245 0.001580245 0.001526508 0.001542747 0.001441559 0.00119258 0.001120212 0.001127875 0.001127875 0.001110619 0.0009262405 0.001082846 0.0008907013 0.0009637217
0.1048409 0.04855608 0.04286262 0.04465333 0.4382427 0.01127838 0.02465503 0.03189708 0.02634262 0.03199138 0.04394517 0.05846684 0.05105928 0.0349887 0.03092319 0.02986616 0.1637404 0.09588481 0.02445283 0.07453674 0.575687 0.3505167 0.02707261 0.02814256 0.02965487 0.02519418 0.01821054 0.01795181 0.01880336 0.01597522 0.01329533 0.02463118 0.04404556 0.1085737 0.104279 0.08205396 0.04499084 0.03368451 0.01579224 0.279077 0.02040166 0.03510349 0.7467398 1.974081 0.03076016 0.338635 0.06563068 0.01192651 0.01192651 0.0116234 0.01192651 0.01192651 0.01192651 0.01173721 0.01109036 0.007201221 0.00333656 0.002988679 0.002302794 0.001523126 0.001516977 0.001155485 0.001870936 0.001794993 0.001650936 0.001217163 0.001165569 0.001165569 0.001165569 0.001033518
0.7883645 0.01653463 0.02440493 0.06484552 0.04784225 0.03017437 0.04424297 0.0397416 0.05127783 0.05693571 0.05947865 0.05375903 0.05790758 0.04412825 0.03946755 0.0451361 0.1419568 0.04594278 0.03661713 0.04803352 0.03678846 0.02309104 0.02772724 0.02383522 0.02151892 0.02665218 0.0263755 0.02690998 0.02849101 0.1118179 0.0376487 0.01508489 0.01214166 0.03336692 0.3454494 0.03019271 0.02788201 0.02031516 0.02020379 0.02059522 0.03763152 0.04806973 0.328822 0.04637689 0.03310121 0.01431322 1.927616 0.005928478 0.1469101 0.006498265 0.006395479 0.00724165 0.006608129 0.005288593 0.0060555 0.006617967 0.006617967 0.006617967 0.006388532 0.005186978 0.005231209 0.005405893 0.006604839 0.006888629 0.006885539 0.00234423 0.001202551 0.001202551 0.001202551 0.002052008
6.047386 0.1411085 0.1921837 0.1477455 0.06031178 0.04707403 0.0625434 0.7954394 0.1153021 0.7916723 0.1800701 0.05461071 0.04508705 0.03401807 0.04409883 0.0520087 0.0457674 0.02994094 0.0404582 0.04777539 0.02157499 0.03061427 0.04601866 0.05101176 0.1472753 0.07417 0.6516727 0.1345422 0.1546273 0.08506794 0.3690008 0.02899881 0.00973121 0.006561527 0.01061099 0.02073744 0.03079434 0.03236503 0.02612891 0.01950612 0.01996881 0.02776091 0.03788021 0.03657122 0.03657122 0.03002626 0.009257033 0.005008773 0.005003496 0.004972544 0.005104463 0.005216754 0.005821985 0.008468876 0.009117164 0.009150243 0.009140571 0.008222956 0.0072331 0.006825564 0.006703011 0.00674765 0.00709054 0.007104721 0.01100986 0.01453128 0.01075378 0.0135755 0.01537475 0.01944401
0.07347289 0.4892251 0.0760529 0.1017046 0.1414732 0.07567969 0.06964955 0.08177281 0.05719466 0.1083019 0.1248035 0.1101039 0.07359871 0.05199473 0.059239 0.09560753 0.0507786 0.04789057 0.1233327 0.7803438 0.2829775 0.08215208 0.262185 0.08078325 0.1766307 0.3596571 1.5466 0.518185 0.1123512 0.3589881 0.2775088 0.04868245 0.05301036 0.04723897 0.01895451 0.1065876 0.05448333 0.07550148 0.9067264 0.04372142 0.03095572 0.01995442 0.01926262 0.01887473 0.01683458 0.009158929 0.005346543 0.005387804 0.005764653 0.005858047 0.006738095 0.01348833 0.09541816 0.02527308 0.0149453 0.01367739 0.01776528 0.01458207 0.008215492 0.007045543 0.007028881 0.00694159 0.2958688 0.0179367 0.02593339 0.0233887 0.02034223 0.02036458 0.02024509 0.01993533
0.0596002 0.1149265 0.05688214 0.1488584 0.1881027 0.1516577 0.1020822 0.1219542 0.590786 1.318916 0.7155448 0.3171523 0.1857111 0.07214659 0.08210236 0.1216215 0.1369711 0.09827117 0.1063619 0.1064841 0.07041861 0.0766798 0.1380958 0.1635944 0.3569492 0.2855999 1.222912 0.1426347 0.08397103 0.6205719 0.6843548 0.5413001 0.1120758 0.2107231 0.09582519 2.181488 0.2578622 0.169213 0.0932132 0.09514125 0.04053957 0.02231149 0.01590077 0.02527392 0.01690049 0.01719695 0.009053732 0.008052564 0.007898335 0.007908927 0.01014956 0.01969298 0.03013087 0.06109366 0.0773425 0.1516111 0.02827883 0.0201425 0.01795049 0.02190318 0.02475417 0.02804968 0.0486119 0.05981177 0.03884906 0.0408706 0.04357139 0.02481646 0.02008327 0.02969585
0.1726652 0.06660904 0.08145781 0.05286929 0.1785996 0.6551285 0.6171871 0.6537988 0.7183191 0.2151968 0.7652341 0.4672126 0.2004885 2.869757 0.7127539 0.1291537 0.1192622 1.019914 0.1548323 0.2770522 0.2868491 0.2388374 0.2771588 1.434862 0.5564074 0.2221314 0.2038298 0.2334976 0.1605525 0.3367571 2.820637 0.5934386 0.3234098 0.2563373 0.0927022 0.2012902 0.7635729 0.3025481 0.3066131 0.7411205 0.2052027 0.03822941 0.02185588 0.03372222 0.08416625 0.03808462 0.02661923 0.02091074 0.009626549 0.009656902 0.01216589 0.01374093 0.01769518 0.07862122 1.170658 0.1538559 0.2682114 0.1145112 0.06245615 0.1110215 0.6332663 0.08377651 2.066579 0.336358 0.1211499 0.4426636 0.1121015 0.07287653 0.07217935 0.03220357
0.4181871 0.07845117 0.106976 0.1304868 0.1383449 0.2041599 0.9147212 47.46871 2.21405 0.5126128 0.2439025 0.190873 0.5486199 0.5364931 0.2404606 0.2220597 0.2408676 0.3692299 0.9596868 2.284391 0.3915108 0.6679936 1.627486 0.2239597 0.2855551 0.2459363 0.1674479 0.12695 0.1289958 0.4466775 0.4270818 2.081098 0.1053202 0.08546395 0.09245737 0.4979677 0.0577281 0.06239982 0.09984077 0.2749428 0.08399758 0.06696288 0.1031684 0.8995114 0.1229497 0.07198115 0.06417421 0.04432079 0.1532348 0.02011412 0.0310251 0.04787159 1.060898 0.4713295 0.2665561 0.1794424 1.17229 0.05107358 0.04902877 0.2104162 0.1336709 0.0717514 0.7579564 0.112014 0.2251015 0.06180804 0.07301486 0.02092152 0.1068739 0.01679374
0.3831496 0.538302 0.2241469 0.09589872 0.1109758 0.155977 0.5914758 1.377795 0.6300631 0.9400681 0.1534038 0.2116732 0.1412678 0.1586778 0.2252512 0.5775803 0.2126824 0.215219 1.232541 0.3361607 0.2980736 0.2561149 0.8651545 0.7061757 0.3146876 0.6730341 1.676728 0.1521921 0.2621953 0.3069635 0.248298 0.4879401 0.08621437 0.0688519 0.07362816 0.06617069 0.05889609 0.07475829 0.08932763 0.3967815 0.08027326 0.1148921 0.1065055 0.9885684 0.1107276 0.06249978 0.04758079 0.05520057 0.05882101 0.05875114 0.05310791 0.06910396 0.2728406 1.043627 0.07883146 0.1192277 1.033951 0.04518093 0.01807423 0.0744848 0.07510193 0.08158806 0.0643793 0.05490308 0.05321573 0.04141083 0.01862492 0.01334769 0.09234758 0.05949705
0.4815524 0.175248 0.2129302 0.1769715 0.7182257 0.1339579 0.2365039 0.3337322 0.7398632 0.3204733 0.1760947 0.1758545 0.1218661 0.1499661 0.3166617 0.4524325 0.2462324 0.1659895 0.6465592 2.157853 3.396689 0.4046219 0.3065677 0.1441334 0.1466996 0.4331634 0.656606 0.046414 0.4464424 0.4985566 0.1351943 0.09456541 0.07849434 0.5170011 0.06194452 0.05919857 0.06006942 0.08208354 0.08602828 0.2842249 0.09265238 0.04794899 0.03904134 0.04697741 0.0617543 0.0483276 0.0578795 0.07201991 0.137601 0.05805617 0.04783898 0.09508704 0.08129039 0.7688024 0.155946 0.04959741 0.4367445 1.414408 0.2280078 0.08363975 0.08930305 0.9099526 0.07231329 0.04353828 0.03480292 0.0171121 0.007429811 0.006073946 0.009792811 0.01687635
