data/raw/spatialecon-gecon-v4-gis-ascii/GIS data ASCII/MER1995/mer1995sum.asc
ncols         360
nrows         140
xllcorner     -180.0
yllcorner     -56.0
cellsize      1
NODATA_value  -9999
[rows 31 to 61 of 140, columns 70 to 139 of 360]
0.2683705 0.610822 0.3119119 6.323804 0.2893011 0.3500267 0.1607616 0.0866238 0.04572235 0.04491259 0.005036855 0.005388784 0.01571606 0.02587715 0.02575691 0.0232639 0.008441927 0.005390322 0.01398327 0.004090656 0.01387802 0.01096332 0.01873992 0.004291005 0.004185656 0.004291005 0.004291005 0.03617335 0.02320623 4.618111e-006 9.366057e-007 0.01626546 0.001073094 0.0009218912 0.001085669 0.001087538 0.001087538 0.001087538 0.001093218 0.0006400449 0 0 0.07814725 0.2600619 0.001579107 0.001445949 0.001831763 0.0022584 0.002306439 0.002282503 0.002409876 0.002439209 0.002543131 0.02510961 0.008889834 -9999 -9999 -9999 -9999 -9999 -9999 -9999 -9999 -9999 -9999 -9999 -9999 -9999 -9999 -9999
0.2358236 0.1538405 0.2295084 0.1887367 0.3305002 0.3316877 0.2848289 0.7614933 0.1993989 0.248751 0.1079584 0.08015369 0.1033849 0.02445923 0.0125351 0.004353215 0.09809609 0.004306504 0.01294379 0.02883442 0.008778139 0.01078984 0.0304148 0.007359031 0.01060063 0.004685425 0.005093036 0.005718824 0.005779762 0.08529206 0.001112657 0.03187877 0.001108662 0.01070912 0.00111213 0.00111213 0.0009540418 0.00107452 0.001017107 1.31356e-005 0.0001688461 0.000140131 0.0006149999 0.0007009309 0.0001191786 0.0003574934 0 0 0 0 0.003407597 0.02758663 0.02659391 0.06417212 0.06905265 -9999 -9999 -9999 -9999 -9999 -9999 -9999 -9999 -9999 -9999 -9999 -9999 -9999 -9999 -9999
0.09221377 0.1202979 0.4679994 0.09704579 1.041175 4.958801 0.5286509 0.6173345 0.2746815 0.2091024 0.3580481 0.1540957 0.6859745 1.012909 0.08268099 0.02379788 0.06468321 0.01891074 0.080897 0.02032376 0.01754079 0.01394653 0.01648931 0.03110221 0.005905787 0.005905787 0.005905787 0.005905787 0.005905787 0.005774317 0.0034377 0.00113639 0.001092142 0.001049724 0.00113639 0.02085843 0.04118136 0.0004965773 0.00148987 1.726925e-005 0.0003054397 0.000313364 0.01683002 0.920584 0.02137022 0.02014557 0.04735156 0.007508546 0.01782398 0.01821054 0.0101231 0.0008363213 0.07758351 0.08002274 0.004648259 -9999 -9999 -9999 -9999 -9999 -9999 -9999 -9999 -9999 -9999 -9999 -9999 -9999 -9999 -9999
0.09175497 0.1167024 0.09354361 0.1219792 0.2170564 0.1558855 0.592652 0.6280237 0.1770037 0.3363183 0.890431 0.8706167 14.52272 1.608866 0.07828391 0.4028114 0.0442511 0.1947415 0.04482853 0.01656888 0.02112869 0.05726323 0.02436443 0.148781 0.1037852 0.07304736 0.193721 0.3390442 0.1970114 0.02001825 0.00752949 0.001155237 0.08267291 0.04077143 0.01985907 0.2016411 2.473425e-005 0.02833372 0.001831919 1.000127e-005 9.33475e-005 0.5553679 0.05518675 0.1285266 0.06772248 0.06805062 0.002587923 0.002754169 0.0004174969 -9999 -9999 0.09701379 0.2595711 0.2150843 0.4696846 0.3987653 0.07549246 -9999 -9999 -9999 -9999 -9999 -9999 -9999 -9999 -9999 -9999 -9999 -9999 -9999
0.4349798 0.1085216 0.0689451 0.1868514 0.2413599 0.1941167 0.6163859 0.2266909 1.78951 0.3610559 0.4152597 0.5426795 0.8310197 0.7557591 0.5618525 0.2053068 0.7298003 0.08558647 0.1211896 0.0335687 3.385093 0.1241685 0.1072531 0.1549121 0.04918163 0.09646401 0.03048719 0.02238895 0.9301791 0.4876571 1.17927 1.057549 0.71772 0.002971614 0.001977171 0.03058902 0.0006978034 1.154822 2.575139 0.6528363 0.2547296 1.194164 0.7448826 0.4058903 0.3197707 0.4615472 -9999 -9999 -9999 -9999 0.0362473 0.3142421 0.2569147 0.02979629 0.1819111 0.3216882 0.5016896 0.03674388 -9999 -9999 -9999 -9999 -9999 -9999 -9999 -9999 -9999 -9999 -9999 -9999
0.2229778 0.03578382 0.02151952 0.02996102 0.0596271 0.4296992 0.1333882 0.2215283 0.5947165 0.3013453 0.3706076 0.2960468 2.557292 1.134122 0.7300351 1.103287 1.211887 2.216541 0.6147485 0.1539348 0.01045545 0.7825319 0.003122346 0 0.001369017 0.07242917 0.102013 0.03258368 0.03758836 0.06864601 0.6471038 0.0799516 0.1655854 0.003872855 0.0007990223 0.02853856 0.01467619 0.3341244 0.2263523 0.8644154 0.9878868 1.232878 0.4544399 0.3866051 1.329468 0.5306078 -9999 0.003326639 0.2212331 0.001960152 0.08185769 0.05148077 0.04088456 -9999 0.3468748 0.1126364 1.572318 3.591208 -9999 -9999 -9999 -9999 -9999 -9999 -9999 -9999 -9999 -9999 -9999 -9999
0.1233428 0.2607821 0.1361859 0.150106 0.266897 0.1001942 0.1739991 0.7199021 0.2451112 2.619316 0.2397751 0.8670818 0.7926396 5.409708 2.019561 2.204132 0.9089077 5.128356 0.8865437 0.9375916 0.5823271 0.6941759 1.926427 0.3141544 0.3222651 2.801615 0.2455224 0.4766541 1.231624 1.904326 1.477197 0.1153163 0.1088623 0.1266344 0.683758 0.76252 2.26852 5.046731 14.74512 2.028722 0.06158952 0.5975845 1.88707 0.5851849 0.7858263 2.505551 1.995671 0.3936632 0.1086428 0.9347597 0.1409283 -9999 -9999 -9999 0.05191531 0.01679063 0.1000009 0.01511668 -9999 -9999 -9999 -9999 -9999 -9999 -9999 -9999 -9999 -9999 -9999 -9999
0.3568791 3.401817 0.1869129 0.1658727 0.04382913 0.02868296 0.06054534 0.1262639 0.1134878 0.2787269 0.2825843 1.396279 0.6365589 0.863949 2.539337 6.605886 40.59001 7.4879 2.363259 1.285737 3.003543 1.38943 2.922969 0.2510463 1.053564 2.295897 0.9443953 0.07317851 0.1754391 0.2443538 1.155011 0.2929128 1.016748 2.948453 15.56314 5.890581 69.46678 7.09682 3.545177 0.5181507 0.5914818 0.9760989 0.6817325 3.274935 1.34268 1.303927 1.439472 0.9676028 0.4283603 0.7565091 0.07475666 -9999 -9999 -9999 -9999 -9999 -9999 -9999 -9999 -9999 -9999 -9999 -9999 -9999 -9999 -9999 -9999 -9999 -9999 -9999
0.4085579 0.5466223 0.5519174 0.86766 1.067555 0.3181881 3.536294 0.1327977 0.1306459 0.6627053 0.2475987 0.8947982 1.287464 1.53906 2.207687 4.044014 67.78723 13.19803 6.720359 2.958142 7.378724 17.88279 6.017751 0.9590015 4.908622 2.407556 1.557492 0.05706854 1.50491 3.487722 10.54673 5.820175 4.192913 5.159878 4.502593 2.22451 8.184533 4.830122 2.273215 5.408193 7.259433 4.366153 0.530799 0.2045586 0.7887654 1.416397 6.238992 0.1195624 -9999 -9999 -9999 -9999 -9999 -9999 -9999 -9999 -9999 -9999 -9999 -9999 -9999 -9999 -9999 -9999 -9999 -9999 -9999 -9999 -9999 -9999
0.1841285 0.6437386 0.1399686 0.1473799 0.09653734 0.2425357 0.6230793 0.3877754 0.1868245 0.2053679 0.4588229 0.906662 1.367098 7.236462 2.653526 2.548634 3.99726 4.187124 5.390389 3.218765 16.80505 28.69081 23.90918 7.066478 10.26999 10.92752 21.30304 3.538664 4.94607 31.58532 163.0851 15.97396 29.81595 17.56288 10.87283 2.605497 8.308427 6.312496 11.89012 17.88176 1.984982 -9999 -9999 0.2227446 0.4079384 0.01796725 -9999 -9999 -9999 -9999 -9999 -9999 -9999 -9999 -9999 -9999 -9999 -9999 -9999 -9999 -9999 -9999 -9999 -9999 -9999 -9999 -9999 -9999 -9999 -9999
0.1121338 0.3518088 0.01653331 2.308985 0.3956433 0.5081608 0.2363491 0.5887043 0.09571817 0.1117929 0.2145586 0.6667258 2.355547 5.814332 2.35127 3.163454 4.716573 7.188738 6.120725 5.594234 17.99687 55.15836 65.59985 7.697231 33.70775 24.08953 157.9689 39.48981 7.924519 7.973724 8.361875 31.98719 9.003905 15.68522 9.378276 6.494013 31.78658 29.98211 176.6034 33.06652 -9999 -9999 -9999 -9999 -9999 -9999 -9999 -9999 -9999 -9999 -9999 -9999 -9999 -9999 -9999 -9999 -9999 -9999 -9999 -9999 -9999 -9999 -9999 -9999 -9999 -9999 -9999 -9999 -9999 -9999
1.370406 0.02646089 0.397106 0.1471844 1.072294 2.80493 1.423417 0.4229238 0.3381948 0.9337881 0.4480746 0.8415321 2.258766 15.87874 13.12741 2.4652 18.16741 3.841712 10.10183 14.06816 6.406364 60.22394 206.8938 19.21879 24.06109 9.92195 30.81894 14.2345 94.69411 24.27257 6.058955 4.44819 4.131056 7.326656 18.18532 39.98555 119.1003 78.32875 46.93277 18.75621 0.6706429 -9999 -9999 -9999 -9999 -9999 -9999 -9999 -9999 -9999 -9999 -9999 -9999 -9999 -9999 -9999 -9999 -9999 -9999 -9999 -9999 -9999 -9999 -9999 -9999 -9999 -9999 -9999 -9999 -9999
0.5047603 0.07485072 0.5459159 0.6350976 14.95523 4.494501 1.255946 0.4552453 0.4209595 0.8143617 2.219023 3.570364 1.937238 9.867365 2.289937 1.386188 1.13841 2.018203 4.263208 4.376833 14.39332 11.08126 4.907789 16.30309 16.1102 13.70329 19.468 23.3791 23.49667 42.25405 51.60044 11.48583 12.18157 38.87951 114.5152 307.3847 438.3959 11.3745 -9999 -9999 -9999 -9999 -9999 -9999 -9999 -9999 -9999 -9999 -9999 -9999 -9999 -9999 -9999 -9999 -9999 -9999 -9999 -9999 -9999 -9999 -9999 -9999 -9999 -9999 -9999 -9999 -9999 -9999 -9999 -9999
0.1482154 3.134998 1.518624 2.407001 38.97323 43.40156 0.3942557 0.3651338 0.5343308 0.3558753 0.6429334 0.5534698 1.04203 3.33549 6.524836 35.72011 2.573672 2.918992 4.26782 3.505055 10.46924 7.851321 7.041941 45.71786 14.38485 90.28228 20.55915 22.34593 6.98351 7.431456 6.863265 7.148541 56.81539 94.06497 113.0524 34.28941 -9999 -9999 -9999 -9999 -9999 -9999 -9999 -9999 -9999 -9999 -9999 -9999 -9999 -9999 -9999 -9999 -9999 -9999 -9999 -9999 -9999 -9999 -9999 -9999 -9999 -9999 -9999 -9999 -9999 -9999 -9999 -9999 -9999 -9999
0.2078682 0.5705796 1.014904 0.5298308 1.482948 17.43295 0.4934691 0.5229258 0.3391225 0.6709195 1.120305 1.556187 5.307664 1.487511 5.607199 26.63787 3.397384 8.01363 4.164397 88.13952 10.61616 4.024039 7.75296 5.872949 40.17711 17.54956 4.332352 11.44964 10.55222 2.069097 2.474236 11.32344 105.2643 39.34373 11.20865 1.090986 -9999 -9999 -9999 -9999 -9999 -9999 -9999 -9999 -9999 -9999 -9999 -9999 -9999 -9999 -9999 -9999 -9999 -9999 -9999 -9999 -9999 -9999 -9999 -9999 -9999 -9999 -9999 -9999 -9999 -9999 -9999 -9999 -9999 -9999
0.1555677 0.828657 1.275471 0.5265508 0.6436786 0.5626726 0.3025162 0.1557043 0.6656133 2.025119 0.6778106 0.8568659 16.1519 1.783689 2.614145 5.79051 9.643511 3.295367 1.79263 2.852548 6.724576 6.150168 12.50037 5.042546 7.277868 11.83205 3.589431 6.496108 7.02745 7.834311 11.68856 3.852618 35.96735 15.99216 0.9705651 -9999 -9999 -9999 -9999 -9999 -9999 -9999 -9999 -9999 -9999 -9999 -9999 -9999 -9999 -9999 -9999 -9999 -9999 -9999 -9999 -9999 -9999 -9999 -9999 -9999 -9999 -9999 -9999 -9999 -9999 -9999 -9999 -9999 -9999 -9999
0.4966462 2.240884 0.6130543 0.4664629 0.9442472 0.3191843 0.107616 0.4117216 0.8732064 0.555109 0.6564083 0.7696069 4.144366 4.473554 19.94391 9.417417 4.584128 2.297551 1.7506 3.79498 4.926472 6.579986 9.351815 35.17332 4.802405 6.794398 10.59986 14.56998 6.678968 19.33735 23.56956 10.1052 4.3552 34.73889 2.085389 -9999 -9999 -9999 -9999 -9999 -9999 -9999 -9999 -9999 -9999 -9999 -9999 -9999 -9999 -9999 -9999 -9999 -9999 -9999 -9999 -9999 -9999 -9999 -9999 -9999 -9999 -9999 -9999 -9999 -9999 -9999 -9999 -9999 -9999 -9999
0.4889182 1.133254 0.7664053 23.41447 3.69023 0.09372558 0.2791821 0.4516482 7.111287 1.111308 0.8829784 1.701946 28.19171 3.956595 5.400472 7.180003 2.923537 3.771414 3.380741 13.92721 28.3077 6.531817 5.528572 14.1886 14.0303 13.86243 11.37092 16.39154 26.97221 49.89454 18.58525 40.74374 16.23533 2.02838 0.5016256 -9999 -9999 -9999 -9999 -9999 -9999 -9999 -9999 -9999 -9999 -9999 -9999 -9999 -9999 -9999 -9999 -9999 -9999 -9999 -9999 -9999 -9999 -9999 -9999 -9999 -9999 -9999 -9999 -9999 -9999 -9999 -9999 -9999 -9999 -9999
0.4899455 0.08730767 0.2323781 3.297975 0.1207538 0.09398536 1.720637 1.734236 1.979941 0.4355046 1.483235 4.453228 3.301738 1.980749 1.326273 1.537595 3.17745 18.46759 2.415237 4.267709 5.015873 5.975958 7.548558 17.6566 11.82109 31.70216 13.51263 25.63002 15.64644 11.70701 10.7412 6.591434 11.16045 2.39576 -9999 -9999 -9999 -9999 -9999 -9999 -9999 -9999 -9999 -9999 -9999 -9999 -9999 -9999 -9999 -9999 -9999 -9999 -9999 -9999 -9999 -9999 -9999 -9999 -9999 -9999 -9999 -9999 -9999 -9999 -9999 -9999 -9999 -9999 -9999 -9999
0.2012947 0.08287629 0.2708732 0.2148073 0.5084223 1.494805 0.156026 1.912822 7.449043 0.1734953 0.4735894 4.405644 10.28157 25.91015 3.47154 5.625307 2.602784 2.905917 3.032111 3.454979 2.5819 4.578476 9.156281 29.75944 8.335242 109.8885 14.47113 10.34383 11.92485 10.81941 5.615394 3.853992 0.114013 -9999 -9999 -9999 -9999 -9999 -9999 -9999 -9999 -9999 -9999 -9999 -9999 -9999 -9999 -9999 -9999 -9999 -9999 -9999 -9999 -9999 -9999 -9999 -9999 -9999 -9999 -9999 -9999 -9999 -9999 -9999 -9999 -9999 -9999 -9999 -9999 -9999
0.788546 0.7790428 0.8186997 3.515532 1.036495 1.404841 1.528655 2.831508 1.557308 1.535959 4.45528 2.453621 58.98295 93.35931 9.19221 8.768972 12.44267 6.413901 2.969087 13.64288 4.103214 3.443058 2.238607 10.67649 6.834363 9.938549 12.61591 4.027247 9.040697 11.76252 5.497225 -9999 -9999 -9999 -9999 -9999 -9999 -9999 -9999 -9999 -9999 -9999 -9999 -9999 -9999 -9999 -9999 -9999 -9999 -9999 -9999 -9999 -9999 -9999 -9999 -9999 -9999 -9999 -9999 -9999 -9999 -9999 -9999 -9999 -9999 -9999 -9999 -9999 -9999 -9999
0.9664181 0.1790752 0.2214119 22.19686 0.1512922 0.06534642 0.5202931 5.47807 0.601466 3.287907 1.040435 1.706565 14.18526 2.196549 2.993777 4.775726 2.976704 5.543798 2.267929 3.247849 6.149365 2.041026 2.398239 2.641379 6.588602 5.770344 5.643663 4.062868 7.525616 0.4247525 -9999 -9999 -9999 -9999 -9999 -9999 -9999 -9999 -9999 -9999 -9999 -9999 -9999 -9999 -9999 -9999 -9999 -9999 -9999 -9999 -9999 -9999 -9999 -9999 -9999 -9999 -9999 -9999 -9999 -9999 -9999 -9999 -9999 -9999 -9999 -9999 -9999 -9999 -9999 -9999
0.2359513 0.1263864 0.5333561 0.07850187 0.07590105 0.092949 0.1967892 0.2540804 0.1027012 0.2075251 1.382648 3.424603 33.6623 6.09059 23.62277 7.717187 8.969511 10.36523 18.74375 19.22085 12.35879 14.87711 11.76843 5.676022 5.133557 9.194745 4.997988 2.766472 28.01027 -9999 -9999 -9999 -9999 -9999 -9999 -9999 -9999 -9999 -9999 -9999 -9999 -9999 -9999 -9999 -9999 -9999 -9999 -9999 -9999 -9999 -9999 -9999 -9999 -9999 -9999 -9999 -9999 -9999 -9999 -9999 -9999 -9999 -9999 -9999 -9999 -9999 -9999 -9999 -9999 -9999
0.1103664 0.2113572 0.4248815 2.63631 0.1166528 0.1763701 0.09397645 0.3663729 0.3503926 0.9007135 1.466858 48.60337 4.458054 3.433775 133.2579 8.542554 3.095465 0.8660411 2.856999 28.05576 3.041532 -9999 -9999 -9999 0.3064567 0.1318882 0.3308026 10.89695 11.75093 1.195416 -9999 -9999 -9999 -9999 -9999 -9999 -9999 -9999 -9999 -9999 -9999 -9999 -9999 -9999 -9999 -9999 -9999 -9999 -9999 -9999 -9999 -9999 -9999 -9999 -9999 -9999 -9999 -9999 -9999 -9999 -9999 -9999 -9999 -9999 -9999 -9999 -9999 -9999 -9999 -9999
0.6573485 0.2321321 0.8757174 2.591381 1.618633 0.2194144 0.07493944 0.3510942 0.6879794 2.020064 0.5239478 0.7936359 3.056242 2.941225 1.171937 -9999 -9999 -9999 -9999 -9999 0.002180093 -9999 -9999 -9999 -9999 -9999 -9999 33.70958 48.83389 11.70245 -9999 -9999 -9999 -9999 -9999 -9999 -9999 -9999 -9999 -9999 -9999 -9999 -9999 -9999 -9999 -9999 -9999 -9999 -9999 -9999 -9999 -9999 -9999 -9999 -9999 -9999 -9999 -9999 -9999 -9999 -9999 -9999 -9999 -9999 -9999 -9999 -9999 -9999 -9999 -9999
2.238138 0.2899003 0.5205694 0.3281297 0.8253668 0.2774445 0.06465017 0.08908246 1.144175 0.1876258 5.164752 1.328325 11.24459 0.005827867 -9999 -9999 -9999 -9999 -9999 -9999 -9999 -9999 -9999 -9999 -9999 -9999 -9999 57.45594 6.840661 14.04604 -9999 0.007590798 0.0003385871 -9999 -9999 -9999 -9999 -9999 -9999 -9999 -9999 -9999 -9999 -9999 -9999 -9999 -9999 -9999 -9999 -9999 -9999 -9999 -9999 -9999 -9999 -9999 -9999 -9999 -9999 -9999 -9999 -9999 -9999 -9999 -9999 -9999 -9999 -9999 -9999 -9999
1.258037 0.7640634 0.4020112 0.2820749 0.2886545 0.1904806 0.5053163 0.5477601 1.795609 0.7355912 0.7165676 8.217348 4.664781 -9999 -9999 -9999 -9999 -9999 -9999 -9999 -9999 -9999 -9999 -9999 -9999 -9999 -9999 4.010033 18.26483 86.80058 -9999 0.8032025 0.2880783 0.001743482 -9999 -9999 -9999 -9999 -9999 -9999 -9999 -9999 -9999 -9999 -9999 -9999 -9999 -9999 -9999 -9999 -9999 -9999 -9999 -9999 -9999 -9999 -9999 -9999 -9999 -9999 -9999 -9999 -9999 -9999 -9999 -9999 -9999 -9999 -9999 -9999
0.548862 2.113903 0.8766363 0.1842891 0.1873657 0.2316415 5.017855 0.3765999 1.908913 28.65301 1.619817 2.854593 5.24394 -9999 -9999 -9999 -9999 -9999 -9999 -9999 -9999 -9999 -9999 -9999 -9999 -9999 -9999 -9999 0.6245475 61.97354 0.03042279 0.009779928 2.838 0.1135697 -9999 -9999 -9999 -9999 -9999 -9999 -9999 -9999 -9999 -9999 -9999 -9999 -9999 -9999 -9999 -9999 -9999 -9999 -9999 -9999 -9999 -9999 -9999 -9999 -9999 -9999 -9999 -9999 -9999 -9999 -9999 -9999 -9999 -9999 -9999 -9999
0.01062597 0.02544269 3.064219 0.3316906 0.6880816 1.090744 1.066029 0.09761533 0.7557307 1.165236 1.007473 0.3285201 0.1017659 -9999 -9999 -9999 -9999 -9999 -9999 -9999 -9999 -9999 -9999 -9999 -9999 -9999 -9999 -9999 -9999 0.3318297 -9999 0.0553888 0.4661723 0.09762361 0.03127436 0.007907622 -9999 -9999 -9999 -9999 -9999 -9999 -9999 -9999 -9999 -9999 -9999 -9999 -9999 -9999 -9999 -9999 -9999 -9999 -9999 -9999 -9999 -9999 -9999 -9999 -9999 -9999 -9999 -9999 -9999 -9999 -9999 -9999 -9999 -9999
0.5087484 -9999 0.0051086 1.545021 0.7216242 1.021763 0.7363342 0.5086147 0.2017006 1.002105 2.005773 0.3780909 0.07005709 -9999 -9999 -9999 -9999 -9999 -9999 -9999 -9999 -9999 -9999 -9999 -9999 -9999 -1e+008 -1e+008 -1e+008 -1e+008 -1e+008 -9999 0.02082966 0.01128613 0.07407536 0.01810787 0.0005024911 -9999 -9999 -9999 -9999 -9999 -9999 -9999 -9999 -9999 -9999 -9999 -9999 -9999 -9999 -9999 -9999 -9999 -9999 -9999 -9999 -9999 -9999 -9999 -9999 -9999 -9999 -9999 -9999 -9999 -9999 -9999 -9999 -9999
0.0315896 -9999 -9999 0.006856328 0.6758355 0.204268 0.6269029 3.59019 2.20309 2.51526 1.089769 1.671804 2.392911 -9999 -9999 -9999 -9999 -9999 -9999 -9999 -9999 -9999 -9999 -9999 -9999 -1e+008 -1e+008 -1e+008 -1e+008 -1e+008 -1e+008 -1e+008 -1e+008 -9999 0.0008817908 0.01857948 0.007070107 0.00305036 -9999 -9999 -9999 -9999 -9999 -9999 -9999 -9999 -9999 -9999 -9999 -9999 -9999 -9999 -9999 -9999 -9999 -9999 -9999 -9999 -9999 -9999 -9999 -9999 -9999 -9999 -9999 -9999 -9999 -9999 -9999 -9999
