data/raw/spatialecon-gecon-v4-gis-ascii/GIS data ASCII/PPP1990/ppp1990sum.asc
ncols         360
nrows         140
xllcorner     -180.0
yllcorner     -56.0
cellsize      1
NODATA_value  -9999
[rows 62 to 92 of 140, columns 140 to 209 of 360]
-9999 -9999 -9999 -9999 -9999 -9999 -9999 -9999 -9999 -9999 -9999 -9999 -9999 -9999 -9999 -9999 -9999 -9999 -9999 -9999 -9999 -9999 0.000312962 0.03706061 0.0297518 0.02278636 0.008557803 0.006906151 0.0007490602 0.0008398651 0.0009371755 0.0009364258 0.001131712 0.001991323 0.001097472 0.001423359 0.001423359 0.001423359 0.001423359 0.002275226 0.01908788 0.03674353 0.01606446 0.01230811 0.01230811 0.01230811 0.01203819 0.01166175 0.008676589 0.004886825 0.004575397 0.0001648474 0.0001682001 0.0001682001 0.0001682001 0.001000982 0.001352599 0.001352599 0.001352599 0.002952945 0.006569777 0.008570196 0.008571653 0.008571653 0.008571653 0.003891532 0.003891495 0.003891495 0.003891495 0.003891503
-9999 -9999 -9999 -9999 -9999 -9999 -9999 -9999 -9999 -9999 -9999 -9999 -9999 -9999 -9999 -9999 -9999 -9999 -9999 -9999 -9999 -9999 0.0009119011 0.05398565 0.03710168 0.01117611 0.02230129 0.006928952 0.0009450205 0.0009440333 0.0009427451 0.0009427451 0.001761262 0.002201289 0.0007465982 0.001781189 0.001432942 0.001433411 0.002085528 0.001990699 0.001898529 0.0164491 0.01629245 0.01239102 0.01239102 0.01239102 0.01129242 0.00588967 0.004666748 0.004455671 0.004664126 0.0001714484 0.0001693295 0.0001693295 0.0001693295 0.0004375655 0.001361704 0.001361704 0.001361704 0.001361704 0.001361704 0.002979111 0.006663697 0.008638345 0.008629404 0.004143881 0.003998806 0.003917692 0.003917692 0.003917692
-9999 -9999 -9999 -9999 -9999 -9999 -9999 -9999 -9999 -9999 -9999 -9999 -9999 -9999 -9999 -9999 -9999 -9999 -9999 -9999 -9999 -9999 -9999 0.01494936 0.007244874 0.0100126 0.0118052 0.007269601 0.009902856 0.0008462677 0.0008305524 0.001019036 0.002260609 0.002290665 0.0008201179 0.002342313 0.001730982 0.001066359 0.001475252 0.001904918 0.001871099 0.001910545 0.002008861 0.01038563 0.01230387 0.01202629 0.004994888 0.004516104 0.004703918 0.004705349 0.004705349 0.0001787402 0.00165168 0.002119323 0.0001704112 0.0005410747 0.0013704 0.0013704 0.0013704 0.0013704 0.0013704 0.0013704 0.0013704 0.00314661 0.0149797 0.0149797 0.01297133 0.01448704 0.02014028 0.02008312
-9999 -9999 -9999 -9999 -9999 -9999 -9999 -9999 -9999 -9999 -9999 -9999 -9999 -9999 -9999 -9999 -9999 -9999 -9999 -9999 -9999 -9999 -9999 0.1984984 0.7194475 0.01877665 0.02559876 0.02840441 0.02553212 0.001137035 0.0007789915 0.001679573 0.002304486 0.002304486 0.001001072 0.006336213 0.002589022 0.001013382 0.0009269354 0.003850434 0.003474553 0.001931137 0.002062184 0.002044615 0.008329852 0.01185202 0.004066394 0.004467544 0.00473372 0.004733728 0.00474292 0.0001884619 0.002424369 0.003359952 0.0001820907 0.0006870655 0.001378665 0.001378665 0.001237733 0.001326961 0.001378665 0.001350456 0.001378665 0.001378665 0.01507074 0.01507074 0.01229824 0.01890158 0.0311439 0.0311439
-9999 -9999 -9999 -9999 -9999 -9999 -9999 -9999 -9999 -9999 -9999 -9999 -9999 -9999 0.05189909 0.001433839 -9999 -9999 -9999 -9999 -9999 -9999 -9999 0.0324773 0.203936 0.03152961 0.04587898 0.04890032 0.05098173 0.02708434 0.01634466 0.008636847 0.002360675 0.002317611 0.001222849 0.006008778 0.007098714 0.002285834 0.01215245 0.01304768 0.01167974 0.006863321 0.004757124 0.00469273 0.007642931 0.01082851 0.008552167 0.01048486 0.01169769 0.01184231 0.01180121 0.0009067689 0.0008501447 0.001089219 0.001091954 0.001228649 0.001374669 0.001259197 0.001173511 0.00133038 0.001383206 0.001354539 0.001355171 0.001386517 0.01515601 0.01421598 0.01081026 0.01909742 0.03132133 0.03132133
-9999 -9999 -9999 -9999 -9999 -9999 -9999 -9999 -9999 -9999 -9999 -9999 -9999 -9999 0.04833219 0.1016326 -9999 0.01545493 -9999 -9999 -9999 -9999 -9999 0.1902713 0.2220782 0.2100807 0.1510821 0.1187898 0.1036337 0.06157642 0.03907105 0.05547176 0.06977177 0.03122223 0.01010078 0.01175572 0.1217483 0.02084293 0.01989785 0.05508936 0.07837503 0.01139448 0.004749873 0.00457287 0.008105531 0.009017408 0.01109358 0.01075596 0.01158981 0.009838236 0.004238673 0.002621933 0.001096793 0.001096793 0.001925094 0.009654436 0.005450707 0.001391308 0.001129093 0.001648643 0.001331272 0.001333761 0.001383402 0.001378701 0.01432224 0.01229883 0.01346248 0.03251503 0.03787106 0.03803975
-9999 -9999 -9999 -9999 -9999 -9999 -9999 -9999 -9999 -9999 -9999 -9999 -9999 -9999 -9999 0.006259489 0.2129236 0.0003175006 -9999 -9999 -9999 -9999 0.005342397 0.861728 0.2361722 0.1339575 0.1573764 0.1674873 0.07010696 0.08254101 0.1088261 0.06308445 0.05448984 0.04901993 0.01604013 0.06848594 0.1030069 0.04045738 0.02524259 0.01526725 0.02736448 0.02465131 0.02696122 0.03986129 0.02159267 0.03016299 0.01245517 0.009253706 0.0113594 0.007161231 0.002599276 0.002377843 0.001051364 0.001266574 0.0107528 0.01377971 0.01377971 0.01200557 0.01112766 0.02159539 0.01387481 0.02036092 0.01955338 0.0114803 0.01480093 0.01308187 0.01162353 0.03390526 0.03490872 0.03490872
-9999 -9999 -9999 -9999 -9999 -9999 -9999 -9999 -9999 -9999 -9999 -9999 -9999 -9999 -9999 0.05858587 0.0709951 -9999 -9999 -9999 -9999 -9999 2.918315 2.167791 0.7635404 0.187143 0.1347048 0.1671148 0.1387408 0.08511642 0.08045652 0.04555218 0.04686574 0.07152834 0.1040774 0.2263877 0.221214 0.09571924 0.08031585 0.1264978 0.1230607 0.1912366 0.1205869 0.1008824 0.1860881 0.3340165 0.2313334 0.2056509 0.1584727 0.1073335 0.02917778 0.01174121 0.002838141 0.02166425 0.02167507 0.0138376 0.01194934 0.01657933 0.02884253 0.02840775 0.02474446 0.02330772 0.1151806 0.09207126 0.03008122 0.01798734 0.01167804 0.03812742 0.03528821 0.05722139
-9999 -9999 -9999 -9999 -9999 -9999 -9999 -9999 -9999 -9999 -9999 -9999 -9999 -9999 -9999 -9999 -9999 -9999 -9999 -9999 -9999 -9999 -9999 0.9060109 0.726099 0.4300157 0.1804104 0.06462777 0.0445273 0.04508869 0.06982419 0.126364 0.2447051 0.3182464 0.2826392 0.2315443 0.1791911 0.3664271 0.3107132 0.2537246 0.1387478 0.2921629 0.4551606 0.2289775 0.3419147 1.426079 0.6344869 0.8500355 0.7423713 0.3012021 0.2183 0.1710598 0.1163173 0.1258239 0.03886811 0.04080492 0.01592151 0.02534829 0.02864288 0.02868529 0.03093794 0.1586064 0.2434029 0.1493355 0.1543732 0.1613674 0.0766743 0.1457837 0.1545417 0.2516954
-9999 -9999 -9999 -9999 -9999 -9999 -9999 -9999 -9999 -9999 -9999 -9999 -9999 -9999 -9999 -9999 -9999 -9999 -9999 -9999 -9999 -9999 -9999 0.5217814 0.5494787 0.3105679 0.1582778 0.124668 0.113548 0.04959164 0.07192781 0.5833174 0.2744544 0.1554207 0.2842098 0.2151108 0.2525895 0.5165563 0.9707689 0.4498802 0.1396264 0.08872315 0.137947 0.3443936 1.217276 0.9332429 1.069056 2.334005 3.035348 1.82875 1.177266 0.3119343 0.2632824 0.3494247 1.050545 0.08553699 0.08382461 0.04265397 0.02726595 0.02610347 0.03150975 0.04415073 0.1480568 0.1330826 0.1924727 0.1926285 0.08250494 0.1734605 0.1719925 0.2018637
-9999 -9999 -9999 -9999 -9999 -9999 -9999 -9999 -9999 -9999 -9999 -9999 -9999 -9999 -9999 -9999 -9999 -9999 -9999 -9999 -9999 -9999 -9999 0.02243646 0.2508211 0.1458968 0.1463393 0.4827832 0.1802589 0.08953173 0.09231909 0.1370156 0.1137866 0.1657403 0.2266199 0.4516751 0.2537415 0.2448854 0.2444384 0.489683 0.179029 0.1224644 0.1861825 0.3438271 0.7888631 0.6299117 0.7626345 2.680767 4.575552 1.667256 1.381382 0.6011903 0.2699437 1.353657 0.862843 0.1279067 0.08425958 0.05126001 0.02547622 0.0162159 0.08178931 0.0206798 0.04617782 0.1040137 0.124869 0.1392355 0.07502233 0.1291369 0.05177899 0.05147687
-9999 -9999 -9999 -9999 -9999 -9999 -9999 -9999 -9999 -9999 -9999 -9999 -9999 -9999 -9999 -9999 -9999 -9999 -9999 -9999 -9999 -9999 -9999 -9999 0.002837765 0.131793 0.3014077 0.2848755 0.1520686 0.08786985 0.1114991 0.1359066 0.09390977 0.2633965 0.2727118 0.1658072 0.1780542 0.2990937 0.2741275 0.6491941 0.4780549 0.2962851 0.1940392 0.1758625 0.3210593 0.4489806 0.4302058 1.950997 1.071742 0.6730781 0.7119015 1.169469 0.6819777 1.760382 1.780728 0.6727587 0.108272 0.06452644 0.03535254 0.03343115 0.01387979 0.01174749 0.008840378 0.07327769 0.07325686 0.04740772 0.08085731 0.05094698 0.02390603 0.08830661
-9999 -9999 -9999 -9999 -9999 -9999 -9999 -9999 -9999 -9999 -9999 -9999 -9999 -9999 -9999 -9999 -9999 -9999 -9999 -9999 -9999 -9999 -9999 -9999 -9999 6.618896e-005 1.239246 0.2995588 0.1628454 0.1229702 0.159975 0.1573964 0.2289268 0.3141075 0.8517496 0.1407694 0.1700338 0.1524484 0.1379071 0.4655884 0.2838455 0.5437124 0.2546462 0.2212768 0.2121 0.4682407 0.6788032 0.8082358 1.576046 1.340805 0.4569639 0.9372495 0.8237289 0.7549972 0.4034984 0.4419816 0.1560717 0.2585128 0.2216021 0.07046629 0.01159551 0.006319689 0.005648945 0.03186321 0.04126831 0.005871306 0.04710518 0.05749691 0.09186846 0.07079763
-9999 -9999 -9999 -9999 -9999 -9999 -9999 -9999 -9999 -9999 -9999 -9999 -9999 -9999 -9999 -9999 -9999 -9999 -9999 -9999 -9999 -9999 -9999 -9999 -9999 -9999 0.4981191 0.5340375 0.4541393 0.4229719 0.1618754 0.2167469 0.2620747 0.2670692 0.3623954 0.234351 0.2598648 0.2779882 0.1391486 0.1976674 0.3109547 0.288406 0.312623 0.927451 1.921869 0.6789845 0.5409189 0.5585554 0.906357 0.7694606 0.346285 0.5365131 0.3990358 0.2205645 0.1076526 0.1934201 0.3359205 0.08788259 0.08066069 0.01081128 0.004966759 0.005982188 0.005302117 0.01220715 0.008573988 0.005887565 0.03279898 0.09074906 0.210225 0.08908948
-9999 -9999 -9999 -9999 -9999 -9999 -9999 -9999 -9999 -9999 -9999 -9999 -9999 -9999 -9999 -9999 -9999 -9999 -9999 -9999 -9999 -9999 -9999 -9999 -9999 -9999 0.0002731264 0.1496736 0.3983893 0.09014609 0.08384483 0.5030554 1.016417 0.8721717 1.110908 0.991458 0.7165159 0.6859089 0.5244914 0.1812418 0.5116528 0.5835752 0.8804054 3.681242 4.162816 3.164791 1.763853 1.39912 1.323293 1.007698 0.4019563 0.1639306 0.1556214 0.2244011 0.1459073 0.09735639 0.08280119 0.03807259 0.03302445 0.02750116 0.003787856 0.01553947 0.009609726 0.002154783 0.001107899 0.003814077 0.01964806 0.0361092 0.07039699 0.09326121
-9999 -9999 -9999 -9999 -9999 -9999 -9999 -9999 -9999 -9999 -9999 -9999 -9999 -9999 -9999 -9999 -9999 -9999 -9999 -9999 -9999 -9999 -9999 -9999 -9999 -9999 -9999 -9999 0.07860494 0.2444125 0.1177278 0.4424064 0.5718402 1.447669 1.696049 0.9984205 0.9914337 0.5773481 1.883267 0.9024583 0.8267698 2.002342 2.526259 9.851499 1.235117 1.83354 3.509188 4.203455 1.925804 1.167329 1.496946 0.4538926 0.1422171 0.222303 0.1982584 0.08805196 0.04766736 0.06066629 0.02866869 0.04397889 0.01414853 0.01992018 0.01499953 0.002578282 0.002535997 0.0006053197 0.01778283 0.02784114 0.05722196 0.08273514
-9999 -9999 -9999 -9999 -9999 -9999 -9999 -9999 -9999 -9999 -9999 -9999 -9999 -9999 -9999 -9999 -9999 -9999 -9999 -9999 -9999 -9999 -9999 -9999 -9999 -9999 -9999 -9999 -9999 0.01340002 0.08455203 0.119993 0.161411 1.037355 1.000808 3.775513 2.904972 0.4849929 0.9939188 3.200072 0.2442587 0.003886703 -9999 -9999 4.408109 7.061415 5.752228 6.120632 1.050406 1.434352 3.748316 0.4054143 0.2504928 0.1338169 0.1008804 0.05489629 0.03780094 0.04252654 0.02097679 0.04994199 0.07663278 0.05738372 0.01050798 0.02141246 0.005897864 0.010381 0.007968635 0.02234801 0.03481058 0.02912888
-9999 -9999 -9999 -9999 -9999 -9999 -9999 -9999 -9999 -9999 -9999 -9999 -9999 -9999 -9999 -9999 -9999 -9999 -9999 -9999 -9999 -9999 -9999 -9999 -9999 -9999 -9999 -9999 -9999 -9999 0.0006540362 0.02640133 0.1556362 0.1493803 0.0002764408 -9999 -9999 0.05956684 0.1638137 -9999 -9999 -9999 -9999 -9999 -9999 2.418134 9.219795 5.001482 1.7103 2.229012 0.7072431 1.089976 0.3080347 0.1522943 0.1758635 0.08344588 0.06130326 0.05584951 0.9980682 0.06618832 0.06423932 0.06523409 0.04336783 0.02442218 0.01786966 0.009767569 0.008250248 0.02064281 0.02938269 0.02695197
-9999 -9999 -9999 -9999 -9999 -9999 -9999 -9999 -9999 -9999 -9999 -9999 -9999 -9999 -9999 -9999 -9999 -9999 -9999 -9999 -9999 -9999 -9999 -9999 -9999 -9999 -9999 -9999 -9999 -9999 -9999 -9999 -9999 -9999 -9999 -9999 -9999 -9999 -9999 -9999 -9999 -9999 -9999 -9999 -9999 -9999 -9999 -9999 0.1561122 1.541582 0.6490829 1.974341 0.2510689 0.1224022 0.1083899 0.05044687 0.02840425 0.04578758 0.07048196 0.2014977 0.1171565 0.06147236 0.07718622 0.03451631 0.02308459 0.0349801 0.03544613 0.04366049 0.02924523 0.05535506
-9999 -9999 -9999 -9999 -9999 -9999 -9999 -9999 -9999 -9999 -9999 -9999 -9999 -9999 -9999 -9999 -9999 -9999 -9999 -9999 -9999 -9999 -9999 -9999 -9999 -9999 -9999 -9999 -9999 -9999 -9999 -9999 -9999 -9999 -9999 -9999 -9999 -9999 -9999 -9999 -9999 -9999 -9999 -9999 -9999 -9999 -9999 -9999 -9999 0.04382155 0.3154765 0.5073515 0.1687748 0.1306525 0.08266587 0.06429416 0.03581051 0.03381753 0.104004 0.1355813 0.1131556 0.1067596 0.1483692 0.05383693 0.02929925 0.03393239 0.03745872 0.136006 0.07837823 0.07782804
-9999 -9999 -9999 -9999 -9999 -9999 -9999 -9999 -9999 -9999 -9999 -9999 -9999 -9999 -9999 -9999 -9999 -9999 -9999 -9999 -9999 -9999 -9999 -9999 -9999 -9999 -9999 -9999 -9999 -9999 -9999 -9999 -9999 -9999 -9999 -9999 -9999 -9999 -9999 -9999 -9999 -9999 -9999 -9999 -9999 -9999 -9999 0.008308878 -9999 0.1274048 0.21568 0.6629294 0.2990814 0.09717481 0.05715857 0.03914183 0.03099083 0.03853044 0.02741469 0.03246851 0.03861461 0.0393607 0.0343059 0.03484101 0.03835021 0.02527626 0.01355717 0.05217609 0.02736898 0.1269443
-9999 -9999 -9999 -9999 -9999 -9999 -9999 -9999 -9999 -9999 -9999 -9999 -9999 -9999 -9999 -9999 -9999 -9999 -9999 -9999 -9999 -9999 -9999 -9999 -9999 -9999 -9999 -9999 -9999 -9999 -9999 -9999 -9999 -9999 -9999 -9999 -9999 -9999 -9999 -9999 -9999 -9999 -9999 -9999 -9999 -9999 0.1252021 -9999 -9999 5.947254 0.2773068 0.2008836 0.1917475 0.1992854 0.05974524 0.05296367 0.03965846 0.03763989 0.03759712 0.03144291 0.03149544 0.03482315 0.03911856 0.05412713 0.08855605 0.2041972 0.01194602 0.01697879 0.1843144 0.4997155
-9999 -9999 -9999 -9999 -9999 -9999 -9999 -9999 -9999 -9999 -9999 -9999 -9999 -9999 -9999 -9999 -9999 -9999 -9999 -9999 -9999 -9999 -9999 -9999 -9999 -9999 -9999 -9999 -9999 -9999 -9999 -9999 -9999 -9999 -9999 -9999 -9999 -9999 -9999 -9999 -9999 -9999 -9999 -9999 -9999 -9999 -9999 -9999 0.1063279 0.9100049 0.3815947 0.1746272 0.2440551 0.2058965 0.1250859 0.1377377 0.09789308 0.04529392 0.1107445 0.03440671 0.04393644 0.05228991 0.04546473 0.0401623 0.02689755 0.02164074 0.02219993 0.02011058 0.115109 0.4561349
-9999 -9999 -9999 -9999 -9999 -9999 -9999 -9999 -9999 -9999 -9999 -9999 -9999 -9999 -9999 -9999 -9999 -9999 -9999 -9999 -9999 -9999 -9999 -9999 -9999 -9999 -9999 -9999 -9999 -9999 -9999 -9999 -9999 -9999 -9999 -9999 -9999 -9999 -9999 -9999 -9999 -9999 -9999 -9999 -9999 0.005273604 -9999 -9999 0.01063386 0.5005371 0.3040205 0.3212029 0.3642325 0.9116973 0.120588 0.1573602 0.114881 0.05242508 0.05337523 0.03388305 0.009502579 0.01771747 0.04319694 0.03817261 0.02698416 0.02422241 0.02655477 0.03458494 0.3528414 2.089473
0.02566195 -9999 -9999 -9999 -9999 -9999 -9999 -9999 -9999 -9999 -9999 -9999 -9999 -9999 -9999 -9999 -9999 -9999 -9999 -9999 -9999 -9999 -9999 -9999 -9999 -9999 -9999 -9999 -9999 -9999 -9999 -9999 -9999 -9999 -9999 -9999 -9999 -9999 -9999 -9999 -9999 -9999 -9999 -9999 -9999 -9999 -9999 -9999 -9999 0.04474722 0.2949242 0.4244635 0.2111353 0.2073415 0.1249307 0.08330975 0.09753501 0.0519145 0.07375033 0.0271614 0.01496743 0.01405622 0.02779315 0.04658423 0.04947996 0.04027697 0.05727002 0.04819218 0.7045095 2.315945
0.6950944 10.27668 -9999 -9999 -9999 -9999 -9999 0.0111253 -9999 -9999 -9999 -9999 -9999 -9999 -9999 -9999 -9999 -9999 -9999 -9999 -9999 -9999 -9999 -9999 -9999 -9999 -9999 -9999 -9999 -9999 -9999 -9999 -9999 -9999 -9999 -9999 -9999 -9999 -9999 -9999 -9999 -9999 -9999 -9999 -9999 -9999 -9999 -9999 -9999 -9999 0.05863797 0.2598141 0.3482532 0.2445998 0.1877271 1.987488 0.03752411 0.1082124 0.09869538 0.03076918 0.01610177 0.0190977 0.04067947 0.1776286 0.05830388 0.02215066 0.09065304 0.06488805 0.2539517 1.316832
0.3711825 1.160319 0.5758722 0.04728332 -9999 -9999 -9999 -9999 -9999 -9999 -9999 -9999 -9999 -9999 -9999 -9999 -9999 -9999 -9999 -9999 -9999 -9999 -9999 -9999 -9999 -9999 -9999 -9999 -9999 -9999 -9999 -9999 -9999 -9999 -9999 -9999 -9999 -9999 -9999 -9999 -9999 -9999 -9999 -9999 -9999 -9999 -9999 -9999 -9999 -9999 -9999 0.8992842 1.226902 0.6071667 0.5008198 5.163685 0.1308265 0.1240615 0.3177566 0.1985469 0.07504222 0.08253747 0.08787158 0.06401929 0.0560165 0.0213242 0.09582423 0.04089626 0.0864182 0.2625932
0.4240613 0.4553821 1.319168 0.7245583 3.652722 -9999 -9999 -9999 -9999 -9999 -9999 -9999 -9999 -9999 -9999 -9999 -9999 -9999 -9999 -9999 -9999 -9999 -9999 -9999 -9999 -9999 -9999 -9999 -9999 -9999 -9999 -9999 -9999 -9999 -9999 -9999 -9999 -9999 -9999 -9999 -9999 -9999 -9999 -9999 -9999 -9999 -9999 -9999 -9999 -9999 -9999 2.532792 1.558813 0.3979279 0.2691257 0.248142 0.1324073 0.1268473 0.1905843 0.1590157 0.1123213 0.1174737 0.3294706 0.1766497 0.07387811 0.05412845 0.1123398 0.08540231 0.07196749 0.08173232
0.5566469 0.8384731 0.6629868 0.5736786 1.52953 0.1444645 -9999 -9999 -9999 -9999 -9999 -9999 -9999 -9999 -9999 -9999 -9999 -9999 -9999 -9999 -9999 -9999 -9999 -9999 -9999 -9999 -9999 -9999 -9999 -9999 -9999 -9999 -9999 -9999 -9999 -9999 -9999 -9999 -9999 -9999 -9999 -9999 -9999 -9999 -9999 -9999 -9999 -9999 -9999 -9999 -9999 0.06034767 0.3663589 0.1720843 0.2747321 0.4371186 0.3561102 0.06884775 0.04992468 0.08766869 0.1860186 0.1779112 0.1973006 0.8111984 0.2166971 0.08313732 0.06274991 0.05899226 0.06920048 0.08117189
1.100558 0.6305407 0.7196122 0.6727819 4.218365 7.558831 -9999 -9999 -9999 -9999 -9999 -9999 -9999 -9999 -9999 -9999 -9999 -9999 -9999 -9999 -9999 -9999 -9999 -9999 -9999 -9999 -9999 -9999 -9999 -9999 -9999 -9999 -9999 -9999 -9999 -9999 -9999 -9999 -9999 -9999 -9999 -9999 -9999 -9999 -9999 -9999 -9999 -9999 -9999 -9999 -9999 -9999 1.216247 0.1799925 0.3971463 0.4372878 0.388097 0.1304669 0.0474023 0.06283426 0.1027044 0.1109661 0.1132113 0.1813565 0.0655526 0.07127556 0.1140606 0.0871186 0.06326265 0.08815607
0.3488192 0.5175394 0.4286711 1.911596 6.961867 9.57366 -9999 -9999 -9999 -9999 -9999 -9999 -9999 -9999 -9999 -9999 -9999 -9999 -9999 -9999 -9999 -9999 -9999 -9999 -9999 -9999 -9999 -9999 -9999 -9999 -9999 -9999 -9999 -9999 -9999 -9999 -9999 -9999 -9999 -9999 -9999 -9999 -9999 -9999 -9999 -9999 -9999 -9999 -9999 -9999 -9999 0.8487027 0.3131223 2.648654 0.3482199 0.4610962 0.3412475 0.2292729 0.08940229 0.08974671 0.08809093 0.07445771 0.03146549 0.03978186 0.04268168 0.06432623 0.1138923 0.05846911 0.05001832 0.09471878
