data/raw/spatialecon-gecon-v4-gis-ascii/GIS data ASCII/PPP1990/ppp1990sum.asc
ncols         360
nrows         140
xllcorner     -180.0
yllcorner     -56.0
cellsize      1
NODATA_value  -9999
[rows 31 to 61 of 140, columns 140 to 209 of 360]
-9999 -9999 -9999 -9999 -9999 -9999 -9999 -9999 -9999 -9999 -9999 -9999 -9999 -9999 -9999 -9999 -9999 -9999 -9999 -9999 -9999 -9999 -9999 -9999 -9999 -9999 -9999 -9999 -9999 0.1363707 2.870024 4.94662 3.96707 2.979735 0.0214825 2.043752 8.889144 47.57732 106.6785 38.3776 20.00363 20.70234 -9999 -9999 101.2073 61.21379 37.31392 26.40182 40.90709 48.83681 36.12656 11.18082 8.882867 106.8366 7.939538 3.996433 10.46542 6.116864 6.038711 5.012196 17.47604 22.10706 3.07379 2.922237 1.599258 1.784601 1.78623 1.78835 1.104216 2.152904
-9999 -9999 -9999 -9999 -9999 -9999 -9999 -9999 -9999 -9999 -9999 -9999 -9999 -9999 -9999 -9999 -9999 -9999 -9999 -9999 -9999 -9999 -9999 -9999 -9999 -9999 -9999 -9999 -9999 0.1392482 0.8391179 4.908528 0.171707 -9999 0.596105 5.974172 36.37487 45.92823 35.58761 302.6221 86.7099 11.08198 7.110789 29.00828 117.2789 73.47166 152.8792 144.414 40.23545 32.05454 19.33114 22.59528 31.47066 23.39381 16.53448 6.140037 11.4397 8.586313 4.373003 13.21989 4.056678 4.649413 7.344574 3.280764 1.773443 1.596884 2.021956 1.189152 1.280505 1.239258
-9999 -9999 -9999 -9999 -9999 -9999 -9999 -9999 -9999 -9999 -9999 -9999 -9999 -9999 -9999 -9999 -9999 -9999 -9999 -9999 -9999 -9999 -9999 -9999 -9999 -9999 -9999 -9999 -9999 -9999 -9999 -9999 -9999 -9999 3.110224 11.01362 13.60364 6.945152 29.88863 20.76689 7.379872 9.239398 29.46824 68.45861 100.1603 42.11554 59.5975 70.04845 113.2487 26.23469 20.90646 22.93766 31.86189 16.26781 44.48082 15.50667 9.483015 7.284524 25.59831 25.18233 9.560674 7.064064 5.49218 3.782859 3.737219 4.143377 5.088474 3.014675 4.840115 3.093142
-9999 -9999 -9999 -9999 -9999 -9999 -9999 -9999 -9999 -9999 -9999 -9999 -9999 -9999 -9999 -9999 -9999 -9999 -9999 -9999 -9999 -9999 -9999 -9999 -9999 -9999 -9999 -9999 -9999 -9999 -9999 -9999 -9999 0.03011703 0.05106745 -9999 -9999 -9999 6.716192 9.171329 18.62706 25.72746 33.85566 14.00906 12.34259 13.19118 48.93666 32.6114 107.3307 42.49253 28.47863 41.79313 16.34091 10.48884 10.90926 9.272672 17.81708 17.44264 26.32523 10.14569 6.33422 5.6134 3.423534 8.242679 7.598579 4.349561 4.140238 3.940958 6.475985 2.842439
-9999 -9999 -9999 -9999 -9999 -9999 -9999 -9999 -9999 -9999 -9999 -9999 -9999 -9999 -9999 -9999 -9999 -9999 -9999 -9999 -9999 -9999 -9999 -9999 -9999 -9999 -9999 -9999 -9999 -9999 -9999 -9999 -9999 -9999 0.02268306 10.13131 6.847427 7.860107 17.00605 9.455138 9.262242 23.65278 380.3187 8.635994 9.865204 6.368207 17.98592 41.28403 58.52973 94.35808 40.00394 93.60051 25.09711 17.86562 22.04378 9.625063 73.2723 27.21153 9.433483 6.420525 8.292021 10.2494 5.07372 3.192098 4.629511 5.508426 4.660936 3.350636 3.168552 3.255356
-9999 -9999 -9999 -9999 -9999 -9999 -9999 -9999 -9999 -9999 -9999 -9999 -9999 -9999 -9999 -9999 -9999 -9999 -9999 -9999 -9999 -9999 -9999 -9999 -9999 -9999 -9999 -9999 -9999 -9999 -9999 -9999 -9999 -9999 -9999 2.046128 6.898346 11.02789 22.04798 15.22705 16.90047 14.1108 10.66825 6.094652 5.666048 11.99076 19.20161 63.77074 86.11365 -9999 18.16837 22.43518 15.80377 16.01827 7.076466 17.59749 12.25987 8.783159 16.10934 42.95047 6.415914 9.037605 4.864964 5.081414 2.952786 2.779111 5.931 5.842288 5.083987 2.925004
-9999 -9999 -9999 -9999 -9999 -9999 -9999 -9999 -9999 -9999 -9999 -9999 -9999 -9999 -9999 -9999 -9999 -9999 -9999 -9999 -9999 -9999 -9999 -9999 -9999 -9999 -9999 -9999 -9999 -9999 -9999 -9999 -9999 -9999 -9999 -9999 -9999 0.5132889 10.64173 9.920794 8.877264 5.968885 5.426477 7.376794 17.17785 10.00973 43.55484 31.20238 12.81731 12.11118 6.525155 22.03186 10.37403 14.0539 17.4318 24.63135 13.80408 5.64021 9.312629 5.806165 8.01262 6.107256 2.447503 7.927927 7.22134 3.731118 6.553265 3.678237 3.896052 4.006
-9999 -9999 -9999 -9999 -9999 -9999 -9999 -9999 -9999 -9999 -9999 -9999 -9999 -9999 -9999 -9999 -9999 -9999 -9999 -9999 -9999 -9999 -9999 -9999 -9999 -9999 -9999 -9999 -9999 -9999 -9999 -9999 -9999 -9999 -9999 -9999 -9999 -9999 1.93126 10.37474 9.023729 10.19469 3.517955 13.66741 59.68775 31.90702 10.84986 60.78021 69.88617 192.4818 50.22172 64.6806 47.10964 20.65587 6.653624 8.249503 9.117852 2.935838 5.333323 6.776654 6.515173 6.594648 3.429742 4.845938 5.69415 9.189514 4.429409 6.345945 6.128629 1.605404
-9999 -9999 -9999 -9999 -9999 -9999 -9999 -9999 -9999 -9999 -9999 -9999 -9999 -9999 -9999 -9999 -9999 -9999 -9999 -9999 -9999 -9999 -9999 -9999 -9999 -9999 -9999 -9999 -9999 -9999 -9999 -9999 -9999 -9999 -9999 -9999 -9999 -9999 2.319566 23.96614 8.783976 5.621796 5.992912 2.767267 14.73118 4.7473 3.190642 24.88964 38.13263 19.45837 48.54915 49.74935 19.12614 0.5117287 0.614089 3.79986 1.149743 0.816996 1.032417 5.760853 7.777434 6.789635 5.071645 6.343295 6.109091 8.159293 39.93376 3.410572 5.524579 0.03184966
-9999 -9999 -9999 -9999 -9999 -9999 -9999 -9999 -9999 -9999 -9999 -9999 -9999 -9999 -9999 -9999 -9999 -9999 -9999 -9999 -9999 -9999 -9999 -9999 -9999 -9999 -9999 -9999 -9999 -9999 0.4030061 11.90792 4.202961 2.583418 15.8657 2.961476 14.413 27.85434 14.52324 10.88704 8.40088 25.55743 8.725968 15.6526 17.11903 47.33724 12.60774 -9999 1.211829 0.100385 32.63927 42.86547 -9999 21.20618 -9999 1.547932 5.24432 3.158711 1.122744 5.154156 8.409476 8.17977 5.959751 3.963577 5.143403 4.557214 4.398829 6.819313 1.689269 -9999
-9999 -9999 -9999 -9999 -9999 -9999 -9999 -9999 -9999 -9999 -9999 -9999 -9999 -9999 -9999 -9999 -9999 -9999 -9999 -9999 -9999 -9999 -9999 -9999 -9999 -9999 -9999 -9999 -9999 -9999 0.8999504 19.53231 6.574007 3.669425 6.523175 2.562461 5.800792 13.64415 11.44963 2.341907 1.980606 -9999 10.97795 2.270202 -9999 -9999 0.05535651 -9999 0.4435119 1.778147 2.483393 8.306273 33.74637 16.54446 12.81149 0.005522298 0.1947989 0.9751803 1.863376 3.319826 9.946297 13.05861 4.533625 15.15547 6.522785 5.499177 3.087064 3.895752 0.00161967 -9999
-9999 -9999 -9999 -9999 -9999 -9999 -9999 -9999 -9999 -9999 -9999 -9999 -9999 -9999 -9999 -9999 -9999 -9999 -9999 -9999 -9999 -9999 -9999 -9999 -9999 -9999 -9999 -9999 -9999 -9999 -9999 38.52801 4.138212 1.630349 3.88359 12.34839 2.383118 1.739349 6.872527 11.78341 8.974025 28.40588 96.22194 1.787865 -9999 -9999 -9999 -9999 1.707289 1.518703 -9999 0.007578139 -9999 20.45691 19.97549 11.84381 17.30536 0.7869728 -9999 3.13698 3.709158 7.043668 3.402957 4.039352 4.700552 4.475915 4.296553 6.265522 45.45096 25.23765
-9999 -9999 -9999 -9999 -9999 -9999 -9999 -9999 -9999 -9999 -9999 -9999 -9999 -9999 -9999 -9999 -9999 -9999 -9999 -9999 -9999 -9999 -9999 -9999 -9999 -9999 -9999 -9999 -9999 -9999 -9999 15.21449 4.577436 2.326228 5.954486 9.39273 126.7986 1.248876 1.984046 3.007616 5.502046 -9999 -9999 0.242505 0.06176826 -9999 -9999 -9999 6.157181 4.187773 -9999 -9999 0.06546612 0.7359091 58.59864 11.75175 9.881068 18.67405 8.247014 2.936973 3.027895 5.861899 23.90402 4.659344 2.098619 0.814663 3.200264 3.046778 8.023868 30.10585
-9999 -9999 -9999 -9999 -9999 -9999 -9999 -9999 0.05378019 -9999 -9999 0.03760673 0.02187914 -9999 -9999 -9999 -9999 -9999 -9999 -9999 -9999 -9999 -9999 -9999 -9999 -9999 -9999 -9999 -9999 -9999 4.145412 11.0811 2.481952 3.614431 2.013506 3.590127 5.942266 2.90975 3.124638 40.44995 0.2348966 0.4237179 10.75083 3.427402 0.8805025 -9999 -9999 -9999 6.290951 10.1707 -9999 -9999 -9999 -9999 -9999 1.152722 10.34232 1.016067 2.0657 1.897227 5.101455 5.06322 9.540527 1.007987 0.0212868 0.3798215 4.632849 9.482785 7.310352 5.167673
-9999 -9999 -9999 -9999 -9999 -9999 -9999 -9999 -9999 -9999 -9999 0.4411478 0.6256236 -9999 -9999 -9999 -9999 -9999 -9999 -9999 -9999 -9999 -9999 -9999 -9999 -9999 -9999 -9999 -9999 -9999 52.97952 5.650529 5.099116 4.183708 2.013983 2.693315 5.364811 1.623676 7.303749 24.77392 1.658511 1.576651 -9999 -9999 -9999 -9999 -9999 -9999 0.2189102 0.001830978 -9999 -9999 0.8961375 13.60708 2.12116 12.14889 9.682189 0.1219979 -9999 -9999 1.024264 8.109928 6.987888 27.5865 0.7214637 0.06702156 7.781756 18.60879 9.71366 3.152225
-9999 -9999 -9999 -9999 -9999 -9999 -9999 -9999 -9999 -9999 -9999 -9999 -9999 -9999 1.44954 -9999 -9999 -9999 -9999 -9999 -9999 -9999 -9999 -9999 -9999 -9999 -9999 -9999 -9999 -9999 -9999 4.366736 4.464205 11.17151 16.95617 11.93049 11.85139 2.290547 9.001595 4.292706 -9999 -9999 -9999 -9999 0.000371056 -9999 0.1696685 0.1613808 0.02653506 1.28331 0.425584 0.03791713 5.338848 11.37468 15.06073 15.47838 0.08963398 -9999 -9999 -9999 0.4867087 4.358293 7.279446 31.66725 0.9519819 0.7392176 0.8233683 5.176791 5.6013 3.440064
-9999 -9999 -9999 -9999 -9999 -9999 -9999 -9999 -9999 -9999 -9999 -9999 -9999 -9999 0.06850635 -9999 -9999 -9999 -9999 -9999 -9999 -9999 -9999 -9999 -9999 -9999 -9999 -9999 -9999 -9999 -9999 0.0002782328 0.2202048 8.775181 -9999 13.31034 2.52683 4.737751 0.05267113 -9999 2.440685 5.103111 7.115767 19.03446 11.91523 8.071002 10.05542 7.834433 4.235812 3.89587 8.063906 0.2163161 0.05009826 -9999 4.826694 1.802224 -9999 -9999 -9999 -9999 -9999 0.3550414 1.153959 0.1573887 0.1375908 0.3568082 0.2144993 1.117703 3.019988 3.161189
-9999 -9999 -9999 -9999 -9999 -9999 -9999 -9999 -9999 -9999 -9999 -9999 -9999 -9999 -9999 -9999 -9999 -9999 -9999 -9999 -9999 -9999 -9999 -9999 -9999 -9999 -9999 -9999 -9999 -9999 -9999 -9999 -9999 0.3646554 4.08884 0.5749145 0.7364569 0.8441368 1.763116 7.660544 6.801066 3.78473 3.280131 2.492042 2.810176 5.175305 3.729694 2.754791 1.967315 2.388879 4.601088 0.1828329 0.0781659 -9999 4.660605 -9999 -9999 -9999 -9999 -9999 -9999 -9999 -9999 0.8529834 3.473184 5.411374 0.3153148 0.156719 -9999 -9999
-9999 -9999 -9999 -9999 -9999 -9999 -9999 -9999 -9999 -9999 -9999 -9999 -9999 -9999 -9999 -9999 -9999 -9999 -9999 -9999 -9999 -9999 -9999 -9999 -9999 -9999 -9999 -9999 -9999 -9999 -9999 -9999 -9999 3.036514 4.814195 3.054263 1.7571 1.7721 3.600461 2.71012 1.206805 1.43659 0.9804299 1.116851 1.70025 1.133477 1.066164 1.616518 1.493878 1.825299 1.756304 0.05650741 -9999 -9999 -9999 -9999 -9999 -9999 -9999 -9999 -9999 -9999 -9999 3.985223e-005 0.1530046 0.1058499 0.001310706 -9999 -9999 -9999
-9999 -9999 -9999 -9999 -9999 -9999 -9999 -9999 -9999 -9999 -9999 -9999 -9999 -9999 -9999 -9999 -9999 -9999 -9999 -9999 -9999 -9999 -9999 0.05516323 -9999 -9999 -9999 -9999 -9999 -9999 -9999 1.107598 9.850814 3.372474 0.8894725 0.9969081 0.6125132 0.256861 0.2216862 0.2388119 0.1498982 0.183973 0.598547 4.487509 1.192677 0.3995953 0.4073869 0.5759954 0.1760473 0.785432 0.9828486 0.3798885 -9999 0.6473354 -9999 -9999 -9999 -9999 -9999 -9999 -9999 -9999 -9999 -9999 -9999 -9999 -9999 -9999 -9999 -9999
-9999 -9999 -9999 -9999 -9999 -9999 -9999 -9999 -9999 -9999 -9999 -9999 -9999 -9999 -9999 -9999 -9999 -9999 -9999 -9999 -9999 -9999 0.5651009 2.376016 -9999 -9999 -9999 -9999 -9999 -9999 0.6579295 4.122056 2.492229 2.906329 1.57661 0.5698225 0.1715918 0.08659932 0.1157987 0.1973065 0.1460148 0.1460148 0.2275051 0.2182134 0.5460497 4.453489 0.6201615 0.5763779 0.414869 0.2839038 0.1295739 1.811532 4.230042 15.66735 4.138262 1.019947 -9999 -9999 -9999 0.002815784 1.090335 1.272052 0.5486969 0.09294816 0.001660566 -9999 -9999 -9999 -9999 -9999
-9999 -9999 -9999 -9999 -9999 -9999 -9999 -9999 -9999 -9999 -9999 -9999 -9999 -9999 -9999 -9999 -9999 -9999 -9999 -9999 -9999 -9999 -9999 -9999 -9999 -9999 -9999 -9999 -9999 -9999 1.576842 3.312902 1.921137 1.112803 0.5709217 0.364313 0.2190565 0.0727432 0.07467178 0.09996767 0.1410075 0.09458505 0.1584626 0.1612479 0.0996062 0.4199466 0.2765274 0.1590488 0.1966279 0.1394644 0.1130264 0.2258257 0.6259614 0.1866153 0.2728078 0.07526632 0.06755275 0.01699487 -9999 0.1730014 4.689443 2.037651 0.6499234 0.1901746 0.1502045 0.02191221 0.05760833 0.08171578 0.008613329 8.975487
-9999 -9999 -9999 -9999 -9999 -9999 -9999 -9999 -9999 -9999 -9999 -9999 -9999 -9999 -9999 -9999 -9999 -9999 -9999 -9999 -9999 -9999 -9999 -9999 -9999 -9999 -9999 -9999 -9999 -9999 2.392304 1.36512 0.827546 0.4497443 0.4851126 0.1573515 0.09090198 0.07529708 0.07668801 0.07642509 0.05259609 0.04041212 0.1619136 0.1563192 0.09300186 0.6619809 0.09300186 0.09300186 0.09300186 0.1060576 0.1062138 0.1396036 0.2147966 0.2146431 0.181152 0.1279341 0.2769457 0.3208974 0.1833576 0.02640767 0.06225057 0.0606208 0.1192274 0.1572443 0.1434064 0.007358627 0.02363919 1.34796 1.155209 2.451717
-9999 -9999 -9999 -9999 -9999 -9999 -9999 -9999 -9999 -9999 -9999 -9999 -9999 -9999 -9999 -9999 -9999 -9999 -9999 -9999 -9999 -9999 -9999 -9999 -9999 -9999 0.5300325 -9999 -9999 0.1617026 1.168902 0.4187453 0.07236782 0.05924488 0.05920816 0.06005425 0.07746324 0.07746324 0.07746324 0.05576202 0.03626433 0.04269502 0.1537653 0.1224185 0.09394649 0.09394649 0.2625333 0.9236721 0.09876111 0.8685265 0.1036073 0.1381138 0.2169756 0.1802866 0.1326022 0.07202905 0.1471902 0.2995124 0.2602858 0.1501686 0.6785782 3.131644 0.06757282 0.1574931 0.1474937 0.02453647 0.01186087 0.002446472 0.002773394 0.01216507
-9999 -9999 -9999 -9999 -9999 -9999 -9999 -9999 -9999 -9999 -9999 -9999 -9999 -9999 -9999 -9999 -9999 -9999 -9999 -9999 -9999 0.001421909 1.286167 12.16994 8.30273 0.6522706 2.198071 0.003014639 0.0500503 0.1533173 0.0777427 0.02916587 0.006467001 0.006467001 0.006467001 0.009304092 0.05069796 0.05445191 0.03899674 0.03661795 0.03661681 0.03661436 0.01366139 0.02854028 0.05299247 0.05228948 0.03335664 0.09214191 0.006827193 0.4240864 0.08120078 0.08983024 0.1366192 0.0802331 0.06097251 0.03353995 0.02822458 0.09939437 0.2375415 0.1749642 0.06822978 0.6678542 1.621327 0.1473524 0.1542532 0.002800359 0.003250582 0.008316337 0.02289106 0.01452335
-9999 -9999 -9999 -9999 -9999 -9999 -9999 -9999 -9999 -9999 -9999 -9999 -9999 -9999 -9999 -9999 -9999 -9999 -9999 -9999 -9999 0.05065379 0.07968474 0.008027564 3.614856 -9999 0.02479714 0.1043036 0.04102971 0.0325339 0.01385896 0.00908416 0.006418679 0.006456187 0.0065273 0.0065273 0.0164857 0.03695827 0.03695827 0.03695827 0.03695827 0.03550495 0.01173499 0.01156812 0.01173499 0.01155592 0.007420204 0.00689084 0.01084483 0.01615178 0.07367703 0.07206776 0.07196474 0.07173997 0.2134047 0.393858 0.05690278 0.02917192 0.02917192 0.06134872 0.06767146 0.06808475 2.081717 0.06756986 0.06650463 0.002420818 0.00241453 0.007702597 0.008652947 0.005539036
-9999 -9999 -9999 -9999 -9999 -9999 -9999 -9999 -9999 -9999 -9999 -9999 -9999 -9999 -9999 -9999 -9999 -9999 -9999 -9999 -9999 -9999 -9999 -9999 -9999 0.001140115 0.04177262 0.06128478 0.01023365 0.01079944 0.01090989 0.003955467 0.002655897 0.005982249 0.006852648 0.01998374 0.03591532 0.03728842 0.03728842 0.03728842 0.03630232 0.02188076 0.01176395 0.01178289 0.01183925 0.01156321 0.008242632 0.006952391 0.006952391 0.02684239 0.07384697 0.07416062 0.07514323 0.07607123 0.2820934 0.07251621 0.02429339 0.02828748 0.02769233 0.01177914 0.008245192 0.008245192 0.008245192 0.008245192 0.008245193 0.002327539 0.002327539 0.002327539 0.002327539 0.002435485
-9999 -9999 -9999 -9999 -9999 -9999 -9999 -9999 -9999 -9999 -9999 -9999 -9999 -9999 -9999 -9999 -9999 -9999 -9999 -9999 -9999 -9999 -9999 -9999 -9999 0.005048209 0.007071977 0.007717334 0.0003984227 0.0003825837 0.0003835687 0.0003921602 0.0003841728 0.0007441523 0.01547405 0.03724882 0.03760682 0.03760682 0.03760682 0.03760682 0.03558564 0.01703711 0.01173788 0.01194053 0.01194053 0.01190876 0.01175024 0.007715596 0.007011843 0.01576285 0.07194985 0.05520004 0.03590004 0.02299004 0.02139419 0.02139419 0.02139419 0.02139419 0.02139419 0.01054241 0.00831566 0.00831566 0.00831566 0.00831566 0.00831566 0.01865339 0.01973718 0.02127992 0.02256172 0.01837067
-9999 -9999 -9999 -9999 -9999 -9999 -9999 -9999 -9999 -9999 -9999 -9999 -9999 -9999 -9999 -9999 -9999 -9999 -9999 -9999 -9999 -9999 -9999 -9999 0.002759699 0.01092434 0.01010457 0.009004455 0.0005975503 0.0006445966 0.0006416667 0.0006446075 0.000644613 0.001030437 0.001373439 0.009271595 0.03129095 0.0379268 0.0379268 0.0379268 0.0379268 0.02024721 0.01198276 0.01204216 0.01204216 0.01204216 0.01204216 0.01072709 0.008214544 0.007071498 0.03214954 0.03335639 0.02158316 0.02158316 0.02158316 0.02158316 0.02158316 0.02158316 0.02158316 0.01069195 0.008386467 0.008386467 0.008386467 0.008386467 0.008386469 0.02761037 0.02761037 0.02761037 0.02761037 0.01983257
-9999 -9999 -9999 -9999 -9999 -9999 -9999 -9999 -9999 -9999 -9999 -9999 -9999 -9999 -9999 -9999 -9999 -9999 -9999 -9999 -9999 -9999 -9999 0.0005872915 0.01154836 0.01076489 0.01302048 0.008311328 0.0006445255 0.0006494713 0.0006494713 0.0006547531 0.0007810983 0.001232991 0.001402872 0.001402872 0.002071181 0.01862233 0.03693661 0.03820651 0.03820651 0.02112964 0.01213095 0.01213095 0.01213095 0.01213095 0.01213095 0.0119459 0.01021866 0.007709511 0.007433637 0.006162774 0.01280852 0.01843069 0.02174218 0.01702398 0.01723201 0.02174229 0.02166939 0.01082947 0.008448308 0.008448308 0.008448308 0.008448308 0.008448308 0.02781395 0.02781395 0.02781395 0.02781367 0.0173514
-9999 -9999 -9999 -9999 -9999 -9999 -9999 -9999 -9999 -9999 -9999 -9999 -9999 -9999 -9999 -9999 -9999 -9999 -9999 -9999 -9999 -9999 -9999 0.004133926 0.008524301 0.0007590115 0.001424831 0.06009674 0.0006543208 0.000654323 0.0007186354 0.0009005374 0.0009298393 0.001386789 0.001688024 0.001413332 0.001413332 0.001413332 0.00681423 0.02960098 0.03849136 0.02481662 0.01222143 0.01222143 0.01222143 0.01222143 0.01178051 0.01207407 0.01207133 0.009663912 0.006885747 0.0001795062 0.0001670129 0.0006300557 0.004284147 0.001234471 0.001342995 0.006515059 0.01608411 0.01093453 0.008511323 0.008511323 0.008511323 0.008511323 0.008511323 0.02797011 0.0279551 0.02794253 0.02716934 0.01662308
