data/raw/spatialecon-gecon-v4-gis-ascii/GIS data ASCII/PPP1990/ppp1990sum.asc
ncols         360
nrows         140
xllcorner     -180.0
yllcorner     -56.0
cellsize      1
NODATA_value  -9999
[rows 0 to 30 of 140, columns 210 to 279 of 360]
-9999 -9999 -9999 -9999 -9999 -9999 -9999 -9999 -9999 -9999 -9999 -9999 -9999 -9999 -9999 -9999 -9999 -9999 -9999 -9999 -9999 -9999 -9999 -9999 -9999 -9999 -9999 -9999 -9999 -9999 -9999 -9999 -9999 -9999 -9999 -9999 -9999 -9999 -9999 -9999 -9999 -9999 -9999 -9999 -9999 -9999 -9999 -9999 -9999 -9999 -9999 -9999 -9999 -9999 -9999 -9999 -9999 -9999 -9999 -9999 -9999 -9999 -9999 -9999 -9999 -9999 -9999 -9999 -9999 -9999
-9999 -9999 -9999 -9999 -9999 -9999 -9999 -9999 -9999 -9999 -9999 -9999 -9999 -9999 -9999 -9999 -9999 -9999 -9999 -9999 -9999 -9999 -9999 -9999 -9999 -9999 -9999 -9999 -9999 -9999 -9999 -9999 -9999 -9999 -9999 -9999 -9999 -9999 -9999 -9999 -9999 -9999 -9999 -9999 -9999 -9999 -9999 -9999 -9999 -9999 -9999 -9999 -9999 -9999 -9999 -9999 -9999 -9999 -9999 -9999 -9999 -9999 -9999 -9999 -9999 -9999 -9999 -9999 -9999 -9999
-9999 -9999 -9999 -9999 -9999 -9999 -9999 -9999 -9999 -9999 -9999 -9999 -9999 -9999 -9999 -9999 -9999 -9999 -9999 -9999 0.0001102372 -9999 -9999 -9999 9.172381e-005 0.0001559368 0.000377608 0.0005527487 0.0005608667 0.0001775089 0.0001329783 0.0001300746 0.0001295119 0.0001680408 0.0002696863 8.484395e-005 -9999 -9999 -9999 -9999 -9999 -9999 -9999 -9999 -9999 -9999 -9999 -9999 -9999 -9999 -9999 -9999 -9999 -9999 -9999 -9999 -9999 -9999 -9999 0 6.889008e-005 5.198815e-005 -9999 3.076638e-006 3.871371e-005 0.0001195162 3.490342e-005 -9999 -9999 -9999
-9999 -9999 -9999 -9999 -9999 -9999 -9999 -9999 -9999 -9999 -9999 -9999 -9999 -9999 3.53549e-006 0.0001842699 0.0004338506 0.0006449159 0.0008674356 0.0008611638 0.0007891395 0.0002381285 0.0002102383 0.0004148612 0.0004925438 0.0005816434 0.001165779 0.001162417 0.0007501497 0.0005874056 0.0009401502 0.0007918241 0.0001835841 0.0005346 0.0005131442 0.0001015765 -9999 -9999 -9999 -9999 -9999 -9999 -9999 -9999 -9999 -9999 -9999 -9999 0 5.89001e-005 2.063042e-005 -9999 -9999 -9999 -9999 -9999 -9999 -9999 -9999 -9999 0 5.137645e-005 0.0001868335 0.0005096858 0.0005301575 0.000517336 0.0004991138 0.0002450714 2.068431e-005 1.093757e-005
-9999 -9999 -9999 -9999 -9999 -9999 -9999 -9999 -9999 -9999 -9999 -9999 -9999 -9999 -9999 -9999 -9999 -9999 -9999 -9999 0.0001130693 6.434222e-005 -9999 -9999 -9999 -9999 -9999 -9999 4.988133e-005 0.0001168837 -9999 -9999 -9999 -9999 -9999 -9999 -9999 -9999 -9999 -9999 -9999 -9999 -9999 -9999 -9999 -9999 5.342125e-005 2.373941e-005 -9999 -9999 -9999 -9999 -9999 -9999 -9999 -9999 -9999 -9999 -9999 -9999 -9999 0.000107446 0.0001970089 0.0001535777 0.0003799468 0.0006025421 0.0006250159 0.0005881343 0.000591986 0.0005239738
-9999 -9999 -9999 -9999 -9999 -9999 -9999 -9999 -9999 -9999 -9999 -9999 -9999 -9999 -9999 -9999 -9999 -9999 -9999 -9999 -9999 -9999 -9999 -9999 -9999 -9999 -9999 -9999 -9999 -9999 -9999 -9999 -9999 -9999 -9999 -9999 -9999 -9999 -9999 -9999 -9999 -9999 -9999 -9999 -9999 -9999 -9999 -9999 -9999 -9999 -9999 -9999 -9999 -9999 -9999 -9999 -9999 -9999 -9999 -9999 -9999 -9999 -9999 3.836549e-006 -9999 0 6.154698e-006 0.0001003016 0.0001390343 0.0001653699
-9999 -9999 -9999 -9999 -9999 -9999 -9999 -9999 -9999 -9999 -9999 -9999 -9999 -9999 -9999 -9999 -9999 -9999 -9999 -9999 -9999 -9999 -9999 -9999 -9999 -9999 -9999 -9999 -9999 -9999 -9999 -9999 -9999 -9999 -9999 -9999 -9999 4.694961e-007 0 -9999 -9999 -9999 -9999 -9999 -9999 -9999 -9999 -9999 -9999 -9999 -9999 -9999 9.334988e-006 -9999 -9999 -9999 -9999 -9999 1.456281e-005 4.280815e-005 -9999 4.987251e-006 0 -9999 -9999 2.761682e-005 5.158649e-005 -9999 -9999 1.459184e-005
-9999 -9999 -9999 -9999 -9999 -9999 -9999 -9999 -9999 -9999 -9999 -9999 -9999 -9999 -9999 -9999 -9999 -9999 -9999 -9999 -9999 -9999 -9999 -9999 -9999 -9999 -9999 -9999 -9999 2.543791e-005 0.0002374563 0.0007554905 0.000659457 0.000798054 0.001082017 0.001524396 0.002275716 0.002292389 0.00140026 -9999 -9999 -9999 -9999 -9999 -9999 -9999 -9999 -9999 -9999 -9999 -9999 -9999 -9999 -9999 -9999 -9999 -9999 -9999 -9999 -9999 -9999 -9999 2.126166e-006 5.161022e-005 0.0001426984 0.0002327663 0.0001518953 7.23021e-005 0.0001522636 0.000290446
-9999 -9999 -9999 -9999 -9999 -9999 -9999 -9999 -9999 -9999 -9999 -9999 -9999 -9999 -9999 -9999 -9999 -9999 -9999 -9999 -9999 -9999 -9999 -9999 -9999 6.329226e-005 0.0005178817 0.001226374 0.002194548 0.002750192 0.002824962 0.002141081 0.001536771 0.001089763 0.00075412 0.0003802947 5.281915e-005 -9999 -9999 -9999 -9999 -9999 -9999 -9999 -9999 -9999 -9999 -9999 -9999 -9999 -9999 5.868102e-005 7.274285e-005 9.530259e-006 -9999 -9999 7.723941e-006 8.571518e-005 0.0002291327 0.000412153 0.0005284683 0.0005838714 0.0006816822 0.000811367 0.0008671712 0.000853334 0.0008230869 0.0008497942 0.0008705698 0.0009021366
-9999 -9999 -9999 -9999 -9999 -9999 -9999 -9999 -9999 -9999 -9999 -9999 -9999 -9999 -9999 -9999 -9999 -9999 -9999 -9999 -9999 -9999 -9999 -9999 0.0001085605 0.001132598 0.002805103 0.003102629 0.002394655 0.001227389 0.0003269174 -9999 -9999 -9999 -9999 -9999 -9999 -9999 -9999 -9999 -9999 -9999 -9999 -9999 -9999 -9999 -9999 -9999 -9999 2.002335e-005 -9999 -9999 2.754812e-005 3.21284e-005 3.472976e-005 0.000157531 0.0004680747 0.0008669136 0.0009278688 0.0009278688 0.0009278688 0.0009278688 0.0009278688 0.0009278688 0.0009278688 0.0009278688 0.0009278688 0.0009322571 0.001005237 0.00107492
-9999 -9999 -9999 -9999 -9999 -9999 -9999 -9999 -9999 -9999 -9999 -9999 -9999 -9999 -9999 -9999 -9999 -9999 -9999 -9999 -9999 -9999 -9999 0.0007544917 0.002659474 0.003251243 0.00270524 0.001081917 1.075007e-005 -9999 -9999 -9999 -9999 -9999 -9999 -9999 -9999 -9999 -9999 0.0002188488 0.009330911 0.003587393 -9999 -9999 0.001572467 0.001064434 0.001144159 -9999 1.797551e-006 2.30258e-005 0.0002348463 0.0005937339 0.0006315238 0.0006429149 0.0007262185 0.0007500559 0.0008823654 0.0009749607 0.002723344 0.003916305 0.00435612 0.001604577 0.001183723 0.001154318 0.001085323 0.001117947 0.001594177 0.001843937 0.001910005 0.001910005
-9999 -9999 -9999 -9999 -9999 -9999 -9999 -9999 -9999 -9999 -9999 -9999 -9999 -9999 -9999 -9999 -9999 -9999 -9999 -9999 -9999 0.0001751826 0.001379262 0.0034796 0.003617584 0.002226195 0.0001240028 -9999 -9999 -9999 -9999 -9999 -9999 -9999 -9999 -9999 -9999 -9999 0.003615185 0.02119335 0.02148122 0.02125402 0.01372526 -9999 0.003435002 0.01078698 0.001034701 0.009065883 0.00795493 0.001638608 0.0004373316 0.0006835883 0.001333759 0.002015444 0.001858775 0.003580247 0.01183754 0.01194827 0.01598098 0.020693 0.02070698 0.01690807 0.006738595 0.002084173 0.002023643 0.002023643 0.002023643 0.002023643 0.002023643 0.002023643
-9999 -9999 -9999 -9999 -9999 -9999 -9999 -9999 -9999 -9999 -9999 -9999 -9999 -9999 -9999 -9999 -9999 -9999 -9999 -9999 -9999 0.000925138 0.002413529 0.002995434 0.003761244 0.002936231 0.0003783379 -9999 -9999 -9999 -9999 -9999 -9999 -9999 -9999 -9999 0.001119002 0.01014153 0.0211263 0.02582522 0.02582522 0.02526246 0.00724717 0.0144649 0.02877649 0.01471157 0.01691574 0.02006631 0.02637607 0.02066303 0.005572608 0.002748071 0.001909327 0.002544275 0.003640439 0.003640439 0.003640439 0.003640439 0.01121111 0.02167817 0.02184742 0.02184742 0.02184742 0.009792509 0.002135165 0.002135165 0.002135165 0.002135165 0.002135165 0.002135165
0.1375585 0.003367589 -9999 -9999 -9999 -9999 -9999 -9999 -9999 -9999 -9999 -9999 -9999 -9999 -9999 -9999 -9999 -9999 -9999 -9999 -9999 -9999 0 0.0003396485 0.001167891 0.001459187 0.001440988 0.0004502096 0.000612513 0.001105127 3.852457e-005 -9999 -9999 -9999 -9999 -9999 0.001887684 0.02064683 0.02716387 0.02716387 0.02422947 0.02714394 0.01799435 0.002253446 0.02788827 0.03085585 0.03115766 0.03105761 0.02963627 0.02595664 0.01303 0.003808853 0.002956491 0.002718793 0.003829309 0.004400139 0.01327259 0.01173484 0.01668835 0.02290021 0.02298084 0.02298084 0.02258473 0.01081468 0.002245939 0.002245939 0.002245939 0.002245939 0.002245939 0.002245939
0.3768009 0.365371 1.672199 8.250049 0.564634 0.5672659 0.1316856 -9999 -9999 -9999 -9999 -9999 -9999 -9999 -9999 -9999 -9999 -9999 0.001323558 0.001818172 0.0002161779 -9999 -9999 -9999 0 -9999 -9999 -9999 9.325577e-005 0.0008771365 0.002089751 0.00333086 0.003062845 0.002661346 0.002612598 0.003751297 0.002187364 0.01263391 0.0256784 0.02790803 0.02673456 0.02833808 0.01634243 0.007308281 0.02854465 0.02544069 0.0278843 0.03271715 0.03254075 0.01860784 0.01037416 0.01008544 0.005693994 0.003734068 0.007808925 0.02175903 0.02344615 0.02091268 5.638771 0.02218448 0.02236862 0.02200748 0.006340852 0.002330467 0.002300791 0.002086846 0.001913971 0.001745337 0.001668918 0.00159444
0.4243253 0.4070919 2.389379 4.592076 0.146886 0.1628571 0.5565847 0.458417 0.0159884 0.004523561 0 -9999 -9999 0.0003945557 0.002040928 0.002163014 0.0005298388 -9999 0.000859817 0.0007049356 0.001124128 0.002042872 0.002430953 0.003127992 0.001129343 0.002428673 0.002644529 0.002886489 0.003969262 0.002374464 0.00330536 0.004382274 0.004406364 0.006627978 0.1901124 0.2367407 0.02410443 0.01613075 0.01204569 0.02947031 0.02963791 0.02920157 0.02712917 0.006075287 0.02529289 0.07659518 0.1005609 0.02545143 0.03385226 0.03425661 0.03425661 0.03425661 0.02636365 0.0148221 0.02043235 0.02531623 0.02542579 0.02376401 0.02310078 0.02332256 0.02157693 0.02296094 0.02213363 0.01494214 0.002676746 0.001505727 0.001512751 0.001512751 0.001512751 0.001512751
0.8656164 1.261691 2.924432 2.508013 0.8481435 0.04813704 0.04631532 0.04619091 0.04619091 0.04617325 0.0376313 0.004556702 -9999 0.0003016225 0.00408695 0.002068009 0.0005698173 0.0005552581 0.00319352 0.004283377 0.004540042 0.004600924 0.005346756 0.005432034 0.3275092 0.005515875 0.005447353 0.005378903 0.005870492 0.007021687 0.006094361 0.01767599 0.2185126 0.8498915 1.296881 1.070938 0.1117455 0.02722563 0.02732489 0.03042431 0.03112604 0.0295385 0.01778276 0.002981667 0.04483751 0.07076041 0.09138197 0.08327878 0.04619967 0.0348812 0.03576292 0.03529419 0.0164473 0.01198948 0.01990308 0.09513096 0.1104728 0.06534149 0.03301346 0.01867412 0.01921898 0.01285638 0.002558652 0.001545205 0.001556924 0.001549524 0.001579384 0.001580577 0.001580577 0.001580577
0.3157881 0.3253304 0.3074328 0.0940203 0.04092896 0.04294182 0.05056238 0.0574628 0.05959814 0.05213843 0.02786839 0.009779505 0.01365921 0.00821568 0.01022599 0.007185547 0.00431011 0.004471635 0.006117591 0.01146916 0.02328158 0.04147851 0.05598461 0.08106873 0.07970871 0.07308723 0.07308812 1.483692 0.1224178 0.283974 0.2848088 0.3004337 0.8304474 1.02346 0.4701953 0.03714714 3.584582 0.02838083 0.02998519 0.0383986 0.03880491 0.03024221 0.03510627 0.06297842 0.07370438 0.08159973 5.602406 0.1295632 0.1261532 0.06951179 0.02991435 0.02855835 0.02257324 0.01402909 0.009666534 0.03811688 0.09547673 0.04272145 0.009335618 0.006168971 0.002403235 0.001647088 0.001647048 0.001584267 0.001602086 0.001627749 0.001647338 0.001647338 0.001647338 0.001647338
0.07862884 0.06643692 0.07148211 0.08383031 0.05346902 0.01375091 0.004278143 0.005885678 -9999 0.008348386 0.06512649 0.05270042 0.04130424 0.03616675 0.03173287 0.03139059 0.03010445 0.02708342 0.0318689 0.05513038 0.05819985 0.05819985 0.06845635 0.1705263 0.1711769 0.1129579 0.1080027 1.894306 0.1353362 0.2577164 0.2993575 0.2938421 0.1494535 0.04881482 0.04881482 0.04793957 0.04750005 0.03914972 0.03122715 0.03674584 0.06244263 0.076658 2.852205 0.076658 0.076658 0.09688341 0.1331038 0.1347541 0.1347541 0.1122837 0.0289169 0.02278933 0.02278933 0.0220498 0.01593891 0.0100524 0.0100524 0.009532708 0.008410129 0.002776267 0.00170654 0.001691388 0.001713112 0.001713112 0.001713112 0.001713112 0.001713112 0.001713112 0.001713112 0.001713112
0.622545 0.07225958 0.08664174 0.1675797 0.4456048 0.06769148 0.02305066 0.04889289 0.05691075 2.942054 5.440012 0.1099402 0.1093556 0.0907941 0.07874417 0.05632284 0.05161382 0.05460253 0.05278802 0.06332572 0.0779231 0.1620358 0.6398616 0.4163237 0.1978486 0.1867429 0.1180802 0.08997511 0.0874716 0.08756635 0.1065644 0.08111171 0.07562099 0.06153906 0.06209176 0.06330763 0.04960852 0.05067031 0.04404652 0.03892254 0.06080535 0.07956257 0.07956257 0.07956257 0.09629017 0.1244328 0.1398607 0.1398607 0.1394633 0.10663 0.02278469 0.02364855 0.02365291 0.02365291 0.02311832 0.02141074 0.01046718 0.009835891 0.01043189 0.008610723 0.006385911 0.004534877 0.001758492 0.001756612 0.001759442 0.001767286 0.001777928 0.001777928 0.001756831 0.001756369
0.2787122 0.1154714 0.1464639 0.1944205 0.7450463 0.1951399 0.108888 0.0531095 0.3588563 0.1002618 0.1784512 0.146294 0.1379847 0.1034173 0.09472827 0.08822608 0.09450862 0.09883838 0.09071047 0.09998149 0.1803741 0.2222237 0.7760755 2.106901 0.5095432 0.2341199 0.09799957 0.5751007 0.06988454 0.07311652 0.08408695 0.08408695 0.08408695 0.08408695 0.10878 0.163116 0.8951349 0.05257085 0.05257085 0.05330588 0.06301725 0.09142606 0.1215841 0.1380101 1.68718 5.448322 0.1466531 0.1449914 0.1449914 0.1136309 0.05769503 0.02471657 0.02452081 0.02452081 0.02452081 0.01881683 0.0108197 0.01018347 0.01076196 0.01077276 0.0108197 0.01053034 0.007083555 0.006206879 0.003629724 0.002230871 0.001829199 0.001826001 0.001838235 0.00195445
0.6842173 0.193606 0.1673098 0.1829798 0.7521228 0.2145895 0.2003711 0.178595 0.1769213 0.1934591 0.2535982 0.1876848 0.1335929 0.1263342 0.09984776 0.09072312 0.1010653 0.1430115 0.1616198 0.5304991 0.5007666 0.2298607 0.223619 0.5437013 0.6220396 0.1566725 0.09994116 0.09994116 0.09994116 0.1073794 0.08700978 0.1125702 0.1745201 0.1980307 0.2382165 3.231323 0.2978728 0.1484374 0.08989461 0.0920172 0.1053963 0.2004652 0.2066876 0.2061252 2.444679 0.2049821 0.1331445 2.25123 0.1061125 0.1008678 0.07846197 0.0649852 0.06106353 0.04917337 0.03227598 0.01378216 0.01118585 0.01118585 0.01080546 0.01092043 0.01055773 0.00940075 0.009074941 0.009137014 0.009137014 0.008997223 0.007503606 0.008772241 0.007215707 0.00780722
0.6015397 0.4288152 0.3785278 0.372884 3.408998 0.09206267 0.1987385 0.2492593 0.1888288 0.2269489 0.3117543 0.4147758 0.3622243 0.2507305 0.2222465 0.2254041 1.167255 0.707593 0.1785527 0.5930617 4.597954 2.799544 0.215775 0.2239901 0.236854 0.2029741 0.153454 0.155286 0.1632965 0.1090862 0.08058035 0.1455568 0.2641923 0.6744698 0.647791 0.5097281 0.2794887 0.2092514 0.09810126 1.733657 0.126736 0.2180663 4.638812 12.26318 0.191086 2.103654 0.4077055 0.07409109 0.07409109 0.07220806 0.07409109 0.07409109 0.07409109 0.07293367 0.06915901 0.0472689 0.02361766 0.02115524 0.01630031 0.01078155 0.0109569 0.00935271 0.01427553 0.01375772 0.01277291 0.00979637 0.009442337 0.009442337 0.009442337 0.008372528
5.369648 0.1139915 0.1717557 0.4447985 0.3257765 0.2115691 0.3153128 0.2832388 0.372013 0.4259021 0.4446879 0.4026715 0.435255 0.3245024 0.2867148 0.3241835 1.030708 0.3682217 0.2929313 0.3836406 0.2938347 0.1829567 0.2105191 0.1806082 0.1635154 0.2291896 0.2345617 0.2393141 0.2500691 0.7116278 0.2269307 0.09092516 0.07290919 0.2013153 2.145959 0.1875655 0.1732103 0.1262004 0.1255085 0.1279403 0.2337651 0.2986063 2.042627 0.2880952 0.2056288 0.0889172 11.97901 0.03779258 0.9417682 0.04139093 0.04075119 0.04601208 0.04202723 0.03394216 0.04013645 0.04684458 0.04684458 0.04684458 0.04522055 0.03671557 0.03702863 0.03849663 0.04681245 0.04875988 0.04873865 0.01757629 0.009742115 0.009742115 0.009742115 0.0156634
46.22435 0.9831166 1.376566 1.070164 0.4190091 0.3288776 0.4457269 5.668913 0.8217298 5.642045 1.283311 0.3897247 0.3243148 0.2443723 0.3158155 0.3727637 0.3322345 0.2351894 0.3222448 0.3798278 0.1719432 0.2440251 0.3667499 0.3905465 1.11649 0.5908342 5.787813 1.196516 1.262875 0.5181623 2.224196 0.1747965 0.05865375 0.03930324 0.06340824 0.1272693 0.1913029 0.2029156 0.1654969 0.1283439 0.1313642 0.1782771 0.2378514 0.227185 0.227185 0.1868654 0.05855625 0.03218786 0.03215395 0.031955 0.03280285 0.03352457 0.03741433 0.05442428 0.05870135 0.05911354 0.05899541 0.05428118 0.04966452 0.04831399 0.0474465 0.04776236 0.05018903 0.05028938 0.07793228 0.1032714 0.07675154 0.09653602 0.1091515 0.1376749
0.5214801 3.553557 0.5525838 0.7365081 1.016086 0.5359856 0.487675 0.5538322 0.3719689 0.6987234 0.8224913 0.8028651 0.5431423 0.38369 0.4347537 0.6946183 0.3765576 0.3762989 0.9829028 6.219019 2.2552 0.6449328 1.977168 0.6202285 1.512975 3.167058 13.75264 4.608249 0.9808095 2.254107 1.672725 0.2934385 0.3195287 0.2847372 0.1142473 0.6476596 0.3565479 0.5023817 6.033533 0.2909228 0.2004045 0.1300194 0.1280439 0.1218751 0.1056636 0.05775219 0.03435854 0.0346237 0.03704574 0.03764597 0.04330201 0.08667996 0.6131977 0.1624095 0.09604062 0.08789273 0.1141636 0.09373273 0.05610738 0.04986033 0.04975319 0.0491353 2.09435 0.1269647 0.1835701 0.16556 0.1439982 0.1441563 0.1433104 0.1413569
0.4328849 0.833203 0.4059552 1.046093 1.30519 1.052301 0.7083296 0.8281847 3.797217 8.474136 4.837173 2.239756 1.313074 0.49695 0.5485639 0.8004556 0.9086249 0.7057168 0.8390443 0.8419333 0.5611933 0.5824217 1.022752 1.211596 2.789106 2.539906 10.87548 1.260972 0.5658528 3.740567 4.125022 3.262757 0.6755488 1.270172 0.5784597 14.03165 1.715403 1.125984 0.6202516 0.6330787 0.2537066 0.1279323 0.09023063 0.1434237 0.09590466 0.09934067 0.0563936 0.05045677 0.04964982 0.05079792 0.06522296 0.1265492 0.1936253 0.3926026 0.497017 0.9742742 0.1817299 0.1294465 0.1165537 0.1525777 0.175227 0.1985606 0.3441125 0.4233801 0.2750034 0.2893119 0.3084319 0.1763284 0.1458552 0.2169093
1.251845 0.465709 0.565213 0.3668851 1.239847 4.317956 3.883859 3.997427 4.535275 1.486456 5.354002 3.274464 1.378375 18.88967 4.689183 0.8566659 0.8713288 7.438644 1.155192 1.905368 1.941649 1.776894 1.998601 10.42608 4.241081 1.70803 1.687105 1.583276 0.9779482 2.087802 17.40495 3.681829 1.984253 1.51036 0.5603322 1.311945 5.079811 2.013222 2.040266 4.931581 1.345067 0.2231212 0.1240254 0.1913663 0.4776103 0.2165692 0.1552336 0.1221168 0.05621732 0.05662297 0.07299574 0.08331361 0.1071696 0.4910639 7.494831 1.030654 1.844818 0.7861603 0.4291385 0.7733284 4.482656 0.5930281 14.62866 2.380952 0.8575915 3.133481 0.7935457 0.5125802 0.5288184 0.2359388
2.601565 0.5403386 0.732511 0.8937342 0.9484814 1.278655 5.819844 265.992 13.35035 3.151285 1.680974 1.337652 3.657073 3.529534 1.581972 1.459421 1.658814 2.552873 6.31858 14.77528 2.532283 4.329968 10.53875 1.459858 1.877805 1.618613 1.102059 0.8303343 0.8459278 2.887879 2.752072 13.4105 0.6590582 0.5323402 0.5758913 3.101671 0.3602749 0.3915938 0.6438108 1.819718 0.5221801 0.3799962 0.5854464 5.104369 0.6976983 0.4174298 0.3747673 0.2588273 0.8948746 0.1174686 0.1811812 0.2795629 6.195533 2.774578 1.69235 1.23809 8.088407 0.3523862 0.3423713 1.487682 0.9722835 0.5079063 5.365329 0.7929155 1.593418 0.4375225 0.5154176 0.1532758 0.7830106 0.1230392
2.348275 3.633818 1.53588 0.6694869 0.8386967 1.200245 4.499411 9.021776 3.921163 6.42708 1.092751 1.507817 0.9407952 0.9942219 1.444925 3.612134 1.521277 1.639422 10.19568 2.739257 2.147172 1.946075 5.738732 4.608515 2.071122 4.429578 11.03543 0.9935472 1.706929 1.996471 1.6 3.150355 0.543535 0.4264516 0.4578899 0.4113536 0.3660674 0.4646912 0.5548975 2.46523 0.4987351 0.6600893 0.6084646 5.6109 0.6283342 0.3608897 0.281639 0.3223572 0.3435024 0.3430938 0.3144516 0.4053605 1.593369 6.132981 0.4712979 0.8154131 7.133797 0.3117343 0.1257383 0.5851105 0.6012136 0.6219519 0.4557319 0.3886431 0.3766921 0.2927873 0.1333938 0.09779105 0.6765726 0.4358979
3.018713 1.153234 1.40082 1.164412 4.791234 0.9566725 1.585518 2.251666 4.99348 2.201975 1.197681 1.159881 0.8066213 1.017546 2.109042 3.069487 1.793685 1.426916 5.577491 18.62412 29.325 3.493324 2.194443 0.9063569 0.9541655 2.850881 4.321457 0.3054659 2.925933 3.21294 0.8711857 0.5970142 0.4881871 3.212151 0.3848587 0.3678055 0.3732176 0.5099863 0.5345014 1.765898 0.575654 0.2979129 0.2418154 0.2803821 0.3655525 0.2978277 0.3578437 0.4324957 0.8456283 0.3653409 0.3105907 0.6115192 0.5051255 4.985081 1.012444 0.3220042 2.976426 9.758334 1.577287 0.6551576 0.7161542 7.205096 0.5118799 0.3081909 0.247006 0.1223647 0.05359548 0.04474293 0.07182322 0.1233945
