data/raw/spatialecon-gecon-v4-gis-ascii/GIS data ASCII/PPP1990/ppp1990sum.asc
ncols         360
nrows         140
xllcorner     -180.0
yllcorner     -56.0
cellsize      1
NODATA_value  -9999
[rows 31 to 61 of 140, columns 70 to 139 of 360]
0.3098038 0.7009701 0.3660717 6.945421 0.3423747 0.411597 0.1985079 0.1060207 0.05241341 0.0472771 0.006266929 0.006704738 0.01605678 0.02866269 0.02536763 0.0254432 0.00908417 0.004455823 0.01651539 0.004421444 0.01340608 0.01203126 0.02391621 0.004637953 0.004524089 0.004637953 0.004637953 0.03477807 0.0366509 3.297936e-006 5.284134e-007 0.02427382 0.001902717 0.001634644 0.001925038 0.001928354 0.001928354 0.001928354 0.001911918 0.00113307 0 0 0.1030098 0.3230383 0.00203538 0.001855999 0.001961375 0.002355841 0.002358265 0.002333809 0.002711259 0.002814241 0.003173847 0.02918146 0.01049518 -9999 -9999 -9999 -9999 -9999 -9999 -9999 -9999 -9999 -9999 -9999 -9999 -9999 -9999 -9999
0.2775142 0.1894394 0.2710504 0.2249207 0.3979648 0.3964596 0.3598041 0.9131873 0.2352261 0.2955903 0.1217877 0.08597138 0.0952439 0.02542721 0.01382021 0.004704682 0.1177648 0.004654198 0.01644696 0.03525215 0.009602665 0.01183971 0.02349872 0.008054126 0.01133666 0.005082296 0.005548466 0.006263972 0.006333571 0.07134215 0.001439579 0.03217917 0.001965877 0.0122534 0.001972007 0.001972007 0.001691713 0.001892754 0.0014419 2.834577e-005 0.0001014608 8.419572e-005 0.0004772263 0.0005473465 0.0001536118 0.0004607768 0 0 0 0 0.004213516 0.03303641 0.02987281 0.07966083 0.08716101 -9999 -9999 -9999 -9999 -9999 -9999 -9999 -9999 -9999 -9999 -9999 -9999 -9999 -9999 -9999
0.1104382 0.1448019 0.5446676 0.1256286 1.206276 5.60603 0.6031832 0.7521359 0.3266357 0.229251 0.4164416 0.1720447 0.7376307 1.099692 0.09523106 0.02719651 0.07621437 0.02000482 0.08811046 0.02256573 0.01799496 0.01536947 0.01817164 0.03772403 0.006471671 0.006471671 0.006471671 0.006471671 0.006471671 0.006327602 0.004165424 0.002015024 0.001936556 0.001861346 0.002015024 0.02488197 0.03192833 0.0007009904 0.001840449 3.136493e-005 0.0001835429 0.0001883172 0.0195964 1.032126 0.0230984 0.02245197 0.05486331 0.00928324 0.02045613 0.02026956 0.01255737 0.001034052 0.09406769 0.1032214 0.006347673 -9999 -9999 -9999 -9999 -9999 -9999 -9999 -9999 -9999 -9999 -9999 -9999 -9999 -9999 -9999
0.1051862 0.1396814 0.1176289 0.1493509 0.2634746 0.1940896 0.6842324 0.7046847 0.2091955 0.3796162 1.006763 0.9851005 16.42485 1.728541 0.08545156 0.4429766 0.0441168 0.213141 0.05485487 0.01822851 0.02600348 0.06617355 0.02790426 0.1678622 0.1347999 0.08485658 0.224539 0.3993958 0.2310562 0.02056212 0.00902258 0.00204388 0.09995885 0.04520108 0.01684907 0.2340411 6.262635e-005 0.03382462 0.002159001 2.612859e-005 3.913452e-005 0.6323138 0.06533483 0.1485215 0.08007121 0.07848364 0.00296413 0.003154542 0.000478188 -9999 -9999 0.1179797 0.3030556 0.2646259 0.566565 0.4889996 0.09148202 -9999 -9999 -9999 -9999 -9999 -9999 -9999 -9999 -9999 -9999 -9999 -9999 -9999
0.4387702 0.1196065 0.07151431 0.1682896 0.2105879 0.1758762 0.5626183 0.2219526 1.59409 0.3666294 0.406728 0.5467965 0.766776 0.7480261 0.4986071 0.1999088 0.7443126 0.07529095 0.1331917 0.03040608 3.846858 0.1460809 0.1296472 0.1857942 0.05475401 0.1103194 0.03569658 0.02625684 1.060823 0.5768229 1.352549 1.205568 0.8002602 0.003376305 0.00266978 0.02746993 0.0008603875 1.302491 2.940301 0.7455487 0.2930915 1.337631 0.8625489 0.4640127 0.3698111 0.5307673 -9999 -9999 -9999 -9999 0.04487797 0.3652575 0.2998493 0.03755183 0.2154741 0.3665183 0.6086572 0.04512507 -9999 -9999 -9999 -9999 -9999 -9999 -9999 -9999 -9999 -9999 -9999 -9999
0.2380439 0.03900236 0.02378315 0.03183461 0.06069808 0.4185119 0.1379825 0.1933892 0.5420357 0.2828193 0.4122485 0.332227 2.369814 1.083168 0.6455462 0.903245 1.049816 1.985977 0.5203813 0.1218579 0.007638484 0.6892579 0.001704129 0 0.001534096 0.08303303 0.1209403 0.0387085 0.04465796 0.07978059 0.7390689 0.09214506 0.1864516 0.00606141 0.001059333 0.02965705 0.01402683 0.3906241 0.2490024 0.9854068 1.126541 1.336132 0.5113801 0.4491817 1.547418 0.6002737 -9999 0.003943729 0.2558716 0.002365119 0.1014859 0.06654339 0.05285699 -9999 0.4109626 0.1403827 1.831207 4.078797 -9999 -9999 -9999 -9999 -9999 -9999 -9999 -9999 -9999 -9999 -9999 -9999
0.1244921 0.2231926 0.1188111 0.154207 0.2627273 0.1038686 0.1694275 0.6334835 0.218863 2.153098 0.2562681 0.8869222 0.6996953 4.702916 1.748515 1.821312 0.7223353 4.346798 0.7472785 0.8068131 0.4919271 0.6090483 1.843304 0.2595426 0.2528167 2.939078 0.2763547 0.5623311 1.376101 2.14801 1.68277 0.1300452 0.1217776 0.1262196 0.7458165 0.7629105 2.471081 5.692966 16.2425 2.278069 0.06903375 0.5963348 2.172454 0.6367099 0.9023407 2.74901 2.171296 0.440064 0.129239 1.091862 0.1645899 -9999 -9999 -9999 0.06326091 0.02109904 0.1309731 0.01949929 -9999 -9999 -9999 -9999 -9999 -9999 -9999 -9999 -9999 -9999 -9999 -9999
0.3023179 2.996139 0.1705938 0.162948 0.04646614 0.03324227 0.05628337 0.1318109 0.09349866 0.240797 0.2721189 1.182873 0.5766689 0.8589497 2.325214 5.691409 34.09518 6.069366 1.991218 1.113403 2.465072 1.148258 2.566618 0.2089326 0.8040193 1.845743 0.8361088 0.08046784 0.1876378 0.2704794 1.245717 0.3159229 1.10302 3.06857 16.5784 6.223498 76.59218 7.744994 3.932098 0.5657392 0.5683735 0.9555256 0.7162957 3.676286 1.49916 1.457637 1.586432 1.117552 0.4994369 0.8786156 0.08730817 -9999 -9999 -9999 -9999 -9999 -9999 -9999 -9999 -9999 -9999 -9999 -9999 -9999 -9999 -9999 -9999 -9999 -9999 -9999
0.4081929 0.5762818 0.5778677 0.895754 1.096756 0.3089027 2.997777 0.1012805 0.1158242 0.532832 0.2171247 0.8688893 1.123872 1.3751 2.139304 3.626883 57.97271 10.73246 5.795636 2.554854 6.231243 14.7335 5.030837 0.7935583 3.890669 1.903686 1.449883 0.04662806 1.687592 3.721169 10.50283 6.270186 4.64389 5.540756 4.52633 2.101746 7.934136 4.532635 1.969946 5.14059 6.842698 4.108247 0.4963568 0.234427 0.9465194 1.584406 6.87578 0.1348511 -9999 -9999 -9999 -9999 -9999 -9999 -9999 -9999 -9999 -9999 -9999 -9999 -9999 -9999 -9999 -9999 -9999 -9999 -9999 -9999 -9999 -9999
0.174836 0.6582943 0.1528603 0.1680056 0.1002904 0.2538652 0.4861695 0.2921009 0.1571716 0.1808492 0.437768 0.7779257 1.163113 5.687505 2.486363 2.398276 3.729817 3.857583 4.901507 2.786519 13.89996 23.72185 21.72465 6.039151 8.324544 9.231071 17.77713 3.115002 5.44805 33.7344 172.6202 15.61253 28.50628 17.37255 10.89994 2.442608 7.729697 5.611558 9.628157 16.1847 1.879315 -9999 -9999 0.2595221 0.4754841 0.02164846 -9999 -9999 -9999 -9999 -9999 -9999 -9999 -9999 -9999 -9999 -9999 -9999 -9999 -9999 -9999 -9999 -9999 -9999 -9999 -9999 -9999 -9999 -9999 -9999
0.1074826 0.3531373 0.01952706 2.599824 0.4033948 0.571131 0.225804 0.5688067 0.09890172 0.1176166 0.2295291 0.641833 2.091011 4.838496 2.140141 2.747996 4.121003 6.288171 5.27924 4.929151 15.3992 44.81219 57.22175 6.254797 28.22662 20.44942 137.0153 37.33717 8.672153 7.568537 8.403209 31.35482 8.581188 15.38535 9.42014 6.294126 30.71274 28.27384 158.6321 29.38548 -9999 -9999 -9999 -9999 -9999 -9999 -9999 -9999 -9999 -9999 -9999 -9999 -9999 -9999 -9999 -9999 -9999 -9999 -9999 -9999 -9999 -9999 -9999 -9999 -9999 -9999 -9999 -9999 -9999 -9999
1.454966 0.02905273 0.4487045 0.1668617 1.117982 2.911976 1.286727 0.3872027 0.306707 0.840525 0.4421819 0.8323227 2.070717 12.72209 11.22989 2.18322 15.33608 3.490681 8.726535 12.76283 5.818148 48.594 183.3513 16.2671 19.76291 8.48101 27.30023 12.30246 86.08969 21.6255 5.429401 3.733432 3.679696 6.541526 16.26862 36.2545 107.7954 74.07702 43.19447 16.05801 0.5896234 -9999 -9999 -9999 -9999 -9999 -9999 -9999 -9999 -9999 -9999 -9999 -9999 -9999 -9999 -9999 -9999 -9999 -9999 -9999 -9999 -9999 -9999 -9999 -9999 -9999 -9999 -9999 -9999 -9999
0.4513035 0.06828088 0.4567257 0.4861656 11.53921 3.563161 1.115082 0.4903546 0.421849 0.7460828 1.962492 3.179681 1.880095 8.14465 2.113765 1.29957 1.025399 1.828338 3.86012 3.965669 12.88159 9.982281 4.501352 13.24087 13.87408 12.07493 16.11961 19.6418 20.493 37.80316 46.85346 10.24871 10.60929 34.4299 101.4935 276.4712 416.1886 10.3147 -9999 -9999 -9999 -9999 -9999 -9999 -9999 -9999 -9999 -9999 -9999 -9999 -9999 -9999 -9999 -9999 -9999 -9999 -9999 -9999 -9999 -9999 -9999 -9999 -9999 -9999 -9999 -9999 -9999 -9999 -9999 -9999
0.1244503 2.482199 1.12592 1.672547 30.86247 33.64045 0.3070264 0.4071479 0.5326547 0.388521 0.6537599 0.6007325 1.050567 3.263943 6.010262 31.3385 2.241158 2.488012 3.682875 3.126033 9.550549 7.214074 6.304943 38.74628 11.56761 79.57542 17.6467 19.41126 6.237401 6.669372 6.076717 6.322678 50.01785 88.44543 101.9212 31.05002 -9999 -9999 -9999 -9999 -9999 -9999 -9999 -9999 -9999 -9999 -9999 -9999 -9999 -9999 -9999 -9999 -9999 -9999 -9999 -9999 -9999 -9999 -9999 -9999 -9999 -9999 -9999 -9999 -9999 -9999 -9999 -9999 -9999 -9999
0.1631286 0.4261961 0.7593494 0.4006469 1.088834 14.19045 0.4434938 0.4877555 0.3929329 0.6892467 1.161892 1.602951 5.027806 1.404497 4.770442 21.63116 2.865122 6.485371 3.312941 78.46342 9.205724 3.575675 6.836614 4.860513 33.88356 14.49078 3.697659 10.22128 9.175281 1.859437 2.224334 10.02714 92.82069 37.66798 9.324852 1.005115 -9999 -9999 -9999 -9999 -9999 -9999 -9999 -9999 -9999 -9999 -9999 -9999 -9999 -9999 -9999 -9999 -9999 -9999 -9999 -9999 -9999 -9999 -9999 -9999 -9999 -9999 -9999 -9999 -9999 -9999 -9999 -9999 -9999 -9999
0.1291102 0.6164309 0.9139642 0.4388618 0.5453207 0.4413574 0.2652057 0.1596838 0.6414731 1.769487 0.6847008 0.8477467 14.84242 1.64015 2.556829 4.892586 7.588459 2.767649 1.497392 2.316685 5.895358 5.455308 11.09454 4.169281 5.994813 9.707178 3.026412 6.012899 6.440043 7.138502 10.72372 3.340649 32.18151 14.31116 0.8730983 -9999 -9999 -9999 -9999 -9999 -9999 -9999 -9999 -9999 -9999 -9999 -9999 -9999 -9999 -9999 -9999 -9999 -9999 -9999 -9999 -9999 -9999 -9999 -9999 -9999 -9999 -9999 -9999 -9999 -9999 -9999 -9999 -9999 -9999 -9999
0.3940044 1.600741 0.4095962 0.3158131 0.6592355 0.2605299 0.1013956 0.4168692 0.8126687 0.6290292 0.6955743 0.8374623 4.210446 4.196399 18.44083 7.153117 3.452065 1.82574 1.412796 3.026961 4.204322 5.27002 6.910072 26.93858 3.785568 5.534981 8.76076 12.69736 5.74649 17.10487 20.69072 8.752929 3.858249 31.8717 1.795359 -9999 -9999 -9999 -9999 -9999 -9999 -9999 -9999 -9999 -9999 -9999 -9999 -9999 -9999 -9999 -9999 -9999 -9999 -9999 -9999 -9999 -9999 -9999 -9999 -9999 -9999 -9999 -9999 -9999 -9999 -9999 -9999 -9999 -9999 -9999
0.3982034 0.854895 0.5815071 17.49776 2.823782 0.07196482 0.2547652 0.39009 6.628057 1.113228 0.8960344 1.64818 25.98133 3.671235 4.941587 5.950246 2.291053 2.813165 2.714166 11.8902 22.4376 5.136912 3.96728 10.09654 11.668 11.04906 9.469954 13.48259 22.70199 39.95783 15.2043 32.356 14.0611 1.816652 0.4070911 -9999 -9999 -9999 -9999 -9999 -9999 -9999 -9999 -9999 -9999 -9999 -9999 -9999 -9999 -9999 -9999 -9999 -9999 -9999 -9999 -9999 -9999 -9999 -9999 -9999 -9999 -9999 -9999 -9999 -9999 -9999 -9999 -9999 -9999 -9999
0.3685123 0.06136943 0.1730959 2.284436 0.08699553 0.07740793 1.461012 1.642528 1.915992 0.5174627 1.626885 4.348161 3.108226 1.837966 1.209213 1.258741 2.51187 15.41932 2.02827 3.445693 3.819974 4.878371 6.370923 15.56925 9.868431 21.63419 10.02014 21.29075 13.6715 9.922648 9.067634 5.17178 8.797037 2.011658 -9999 -9999 -9999 -9999 -9999 -9999 -9999 -9999 -9999 -9999 -9999 -9999 -9999 -9999 -9999 -9999 -9999 -9999 -9999 -9999 -9999 -9999 -9999 -9999 -9999 -9999 -9999 -9999 -9999 -9999 -9999 -9999 -9999 -9999 -9999 -9999
0.1581086 0.05724978 0.2037112 0.167541 0.3754689 1.288471 0.1365145 1.799257 7.00152 0.1850499 0.5439574 4.217151 7.930873 18.34702 3.179092 5.138578 2.213923 2.612568 2.477476 2.979392 2.166166 4.002707 7.962873 25.35557 7.270331 88.08975 10.87514 9.183749 10.59023 9.783711 4.81526 2.979557 0.08776059 -9999 -9999 -9999 -9999 -9999 -9999 -9999 -9999 -9999 -9999 -9999 -9999 -9999 -9999 -9999 -9999 -9999 -9999 -9999 -9999 -9999 -9999 -9999 -9999 -9999 -9999 -9999 -9999 -9999 -9999 -9999 -9999 -9999 -9999 -9999 -9999 -9999
0.6481715 0.5814078 0.5978696 2.75202 0.8272246 1.175454 1.30268 2.78215 1.57025 1.505793 4.180279 2.250517 51.36346 82.30602 7.829113 8.071524 12.17939 6.121531 2.706764 11.29589 3.01624 2.989928 1.940926 9.169066 5.75459 8.636084 10.6617 3.348055 7.679186 10.15111 5.068151 -9999 -9999 -9999 -9999 -9999 -9999 -9999 -9999 -9999 -9999 -9999 -9999 -9999 -9999 -9999 -9999 -9999 -9999 -9999 -9999 -9999 -9999 -9999 -9999 -9999 -9999 -9999 -9999 -9999 -9999 -9999 -9999 -9999 -9999 -9999 -9999 -9999 -9999 -9999
0.9827752 0.2473859 0.2365234 24.27162 0.1641557 0.06612025 0.5750812 5.359938 0.5688917 2.985917 0.9566441 1.522512 11.96581 1.958754 2.659805 4.249095 2.918348 5.504977 2.04484 2.625207 5.023768 1.73579 2.049876 2.280481 5.868954 4.794489 4.502935 3.318189 6.053226 0.3390092 -9999 -9999 -9999 -9999 -9999 -9999 -9999 -9999 -9999 -9999 -9999 -9999 -9999 -9999 -9999 -9999 -9999 -9999 -9999 -9999 -9999 -9999 -9999 -9999 -9999 -9999 -9999 -9999 -9999 -9999 -9999 -9999 -9999 -9999 -9999 -9999 -9999 -9999 -9999 -9999
0.4004614 0.2241962 0.9090891 0.1382663 0.1301696 0.1154598 0.1938106 0.2528891 0.1029977 0.2016136 1.230457 2.579277 25.53076 5.343746 18.85279 6.853796 8.405428 9.846795 18.19779 17.78654 11.02404 12.75407 9.844327 4.71787 4.399024 7.601412 4.119878 2.291172 23.56239 -9999 -9999 -9999 -9999 -9999 -9999 -9999 -9999 -9999 -9999 -9999 -9999 -9999 -9999 -9999 -9999 -9999 -9999 -9999 -9999 -9999 -9999 -9999 -9999 -9999 -9999 -9999 -9999 -9999 -9999 -9999 -9999 -9999 -9999 -9999 -9999 -9999 -9999 -9999 -9999 -9999
0.2129064 0.3911214 0.798517 4.255947 0.1978236 0.2647513 0.1006911 0.4604307 0.438308 0.8194748 1.221176 39.86706 3.726775 3.028239 114.8022 7.759374 3.063378 0.8241852 2.854407 28.38483 3.053499 -9999 -9999 -9999 0.2721168 0.1022254 0.2704888 9.166964 9.979863 1.07249 -9999 -9999 -9999 -9999 -9999 -9999 -9999 -9999 -9999 -9999 -9999 -9999 -9999 -9999 -9999 -9999 -9999 -9999 -9999 -9999 -9999 -9999 -9999 -9999 -9999 -9999 -9999 -9999 -9999 -9999 -9999 -9999 -9999 -9999 -9999 -9999 -9999 -9999 -9999 -9999
1.121377 0.4248722 1.575671 4.244891 2.751475 0.3980537 0.1347621 0.6261256 1.210874 2.679133 0.4531391 0.6967509 2.762501 2.658655 1.087031 -9999 -9999 -9999 -9999 -9999 0.002399767 -9999 -9999 -9999 -9999 -9999 -9999 27.98099 40.47714 10.5556 -9999 -9999 -9999 -9999 -9999 -9999 -9999 -9999 -9999 -9999 -9999 -9999 -9999 -9999 -9999 -9999 -9999 -9999 -9999 -9999 -9999 -9999 -9999 -9999 -9999 -9999 -9999 -9999 -9999 -9999 -9999 -9999 -9999 -9999 -9999 -9999 -9999 -9999 -9999 -9999
3.847189 0.5271928 0.8736508 0.6169534 1.452678 0.4935639 0.1283236 0.1532884 2.006053 0.3321077 5.547997 1.163659 10.04663 0.004416135 -9999 -9999 -9999 -9999 -9999 -9999 -9999 -9999 -9999 -9999 -9999 -9999 -9999 50.41385 5.825699 11.98796 -9999 0.008499986 0.0003791323 -9999 -9999 -9999 -9999 -9999 -9999 -9999 -9999 -9999 -9999 -9999 -9999 -9999 -9999 -9999 -9999 -9999 -9999 -9999 -9999 -9999 -9999 -9999 -9999 -9999 -9999 -9999 -9999 -9999 -9999 -9999 -9999 -9999 -9999 -9999 -9999 -9999
2.04361 1.31871 0.6575027 0.5097547 0.5666558 0.3563635 0.9836493 1.031187 3.0776 1.176773 1.086736 6.946576 3.887204 -9999 -9999 -9999 -9999 -9999 -9999 -9999 -9999 -9999 -9999 -9999 -9999 -9999 -9999 3.412162 14.6826 76.2123 -9999 0.8994052 0.3225923 0.001952453 -9999 -9999 -9999 -9999 -9999 -9999 -9999 -9999 -9999 -9999 -9999 -9999 -9999 -9999 -9999 -9999 -9999 -9999 -9999 -9999 -9999 -9999 -9999 -9999 -9999 -9999 -9999 -9999 -9999 -9999 -9999 -9999 -9999 -9999 -9999 -9999
0.9057756 3.669512 1.507566 0.3359208 0.3572934 0.4422376 8.460359 0.6853455 3.024971 46.22409 2.711387 4.401594 6.206601 -9999 -9999 -9999 -9999 -9999 -9999 -9999 -9999 -9999 -9999 -9999 -9999 -9999 -9999 -9999 0.4705838 57.09568 0.03405547 0.01095136 3.177924 0.1271665 -9999 -9999 -9999 -9999 -9999 -9999 -9999 -9999 -9999 -9999 -9999 -9999 -9999 -9999 -9999 -9999 -9999 -9999 -9999 -9999 -9999 -9999 -9999 -9999 -9999 -9999 -9999 -9999 -9999 -9999 -9999 -9999 -9999 -9999 -9999 -9999
0.01570105 0.04151305 4.985548 0.5420983 1.204052 1.899216 1.85161 0.1902004 1.220765 1.962098 1.794062 0.5947662 0.1766465 -9999 -9999 -9999 -9999 -9999 -9999 -9999 -9999 -9999 -9999 -9999 -9999 -9999 -9999 -9999 -9999 0.3149383 -9999 0.0620231 0.5220087 0.1093124 0.03500554 0.008853126 -9999 -9999 -9999 -9999 -9999 -9999 -9999 -9999 -9999 -9999 -9999 -9999 -9999 -9999 -9999 -9999 -9999 -9999 -9999 -9999 -9999 -9999 -9999 -9999 -9999 -9999 -9999 -9999 -9999 -9999 -9999 -9999 -9999 -9999
0.751731 -9999 0.007179021 2.528065 1.216514 1.722225 1.309505 0.869409 0.360159 1.785285 3.301944 0.677946 0.1194909 -9999 -9999 -9999 -9999 -9999 -9999 -9999 -9999 -9999 -9999 -9999 -9999 -9999 0.006810087 18.01434 1.720604 0.1511906 0.001977014 -9999 0.02332453 0.01263824 0.08294109 0.02027276 0.0005622408 -9999 -9999 -9999 -9999 -9999 -9999 -9999 -9999 -9999 -9999 -9999 -9999 -9999 -9999 -9999 -9999 -9999 -9999 -9999 -9999 -9999 -9999 -9999 -9999 -9999 -9999 -9999 -9999 -9999 -9999 -9999 -9999 -9999
0.046677 -9999 -9999 0.01224062 1.212734 0.3533778 1.170505 5.904897 3.619875 4.100183 1.918546 2.881351 4.045976 -9999 -9999 -9999 -9999 -9999 -9999 -9999 -9999 -9999 -9999 -9999 -9999 0.6234604 4.783271 5.620062 3.442574 6.858362 5.626623 1.157589 0.0686761 -9999 0.0009920974 0.02080409 0.007917514 0.003420715 -9999 -9999 -9999 -9999 -9999 -9999 -9999 -9999 -9999 -9999 -9999 -9999 -9999 -9999 -9999 -9999 -9999 -9999 -9999 -9999 -9999 -9999 -9999 -9999 -9999 -9999 -9999 -9999 -9999 -9999 -9999 -9999
