data/raw/spatialecon-gecon-v4-gis-ascii/GIS data ASCII/PPP2005/ppp2005sum.asc
ncols         360
nrows         140
xllcorner     -180.0
yllcorner     -56.0
cellsize      1
NODATA_value  -9999
[rows 0 to 30 of 140, columns 213 to 283 of 360]
-9999 -9999 -9999 -9999 -9999 -9999 -9999 -9999 -9999 -9999 -9999 -9999 -9999 -9999 -9999 -9999 -9999 -9999 -9999 -9999 -9999 -9999 -9999 -9999 -9999 -9999 -9999 -9999 -9999 -9999 -9999 -9999 -9999 -9999 -9999 -9999 -9999 -9999 -9999 -9999 -9999 -9999 -9999 -9999 -9999 -9999 -9999 -9999 -9999 -9999 -9999 -9999 -9999 -9999 -9999 -9999 -9999 -9999 -9999 -9999 -9999 -9999 -9999 -9999 -9999 -9999 -9999 -9999 -9999 -9999 -9999
-9999 -9999 -9999 -9999 -9999 -9999 -9999 -9999 -9999 -9999 -9999 -9999 -9999 -9999 -9999 -9999 -9999 -9999 -9999 -9999 -9999 -9999 -9999 -9999 -9999 -9999 -9999 -9999 -9999 -9999 -9999 -9999 -9999 -9999 -9999 -9999 -9999 -9999 -9999 -9999 -9999 -9999 -9999 -9999 -9999 -9999 -9999 -9999 -9999 -9999 -9999 -9999 -9999 -9999 -9999 -9999 -9999 -9999 -9999 -9999 -9999 -9999 -9999 -9999 -9999 -9999 -9999 -9999 -9999 -9999 -9999
-9999 -9999 -9999 -9999 -9999 -9999 -9999 -9999 -9999 -9999 -9999 -9999 -9999 -9999 -9999 -9999 -9999 7.897187e-005 -9999 -9999 -9999 6.740326e-005 0.0001134429 0.0002755396 0.0004006083 0.0004067989 0.0001304294 9.696077e-005 9.532568e-005 9.449394e-005 0.0001234519 0.0001948143 6.09919e-005 -9999 -9999 -9999 -9999 -9999 -9999 -9999 -9999 -9999 -9999 -9999 -9999 -9999 -9999 -9999 -9999 -9999 -9999 -9999 -9999 -9999 -9999 -9999 0 2.677692e-005 2.081423e-005 -9999 1.307505e-006 1.519799e-005 4.735725e-005 1.388836e-005 -9999 -9999 -9999 -9999 -9999 -9999 -9999
-9999 -9999 -9999 -9999 -9999 -9999 -9999 -9999 -9999 -9999 -9999 2.338747e-006 0.0001329237 0.0003165727 0.0004665405 0.0006288082 0.0006275982 0.0005731141 0.0001732232 0.0001521422 0.0003027289 0.0003574251 0.0004222724 0.0008450524 0.0008443918 0.0005440749 0.0004268229 0.0006813671 0.0005734873 0.0001321889 0.0003888844 0.0003742106 7.463362e-005 -9999 -9999 -9999 -9999 -9999 -9999 -9999 -9999 -9999 -9999 -9999 -9999 0 2.288548e-005 8.581081e-006 -9999 -9999 -9999 -9999 -9999 -9999 -9999 -9999 -9999 0 2.017095e-005 7.394165e-005 0.0002022369 0.0002105775 0.0002048517 0.0001972205 9.738522e-005 7.823412e-006 4.135667e-006 -9999 -9999 -9999 -9999
-9999 -9999 -9999 -9999 -9999 -9999 -9999 -9999 -9999 -9999 -9999 -9999 -9999 -9999 -9999 -9999 -9999 8.157444e-005 4.521125e-005 -9999 -9999 -9999 -9999 -9999 -9999 3.805716e-005 8.402098e-005 -9999 -9999 -9999 -9999 -9999 -9999 -9999 -9999 -9999 -9999 -9999 -9999 -9999 -9999 -9999 -9999 2.103422e-005 9.970335e-006 -9999 -9999 -9999 -9999 -9999 -9999 -9999 -9999 -9999 -9999 -9999 -9999 -9999 4.20849e-005 7.840416e-005 6.053963e-005 0.0001505879 0.0002387045 0.0002479376 0.0002336904 0.0002354626 0.0002078468 7.908558e-006 4.900138e-005 7.697933e-005 2.753889e-005
-9999 -9999 -9999 -9999 -9999 -9999 -9999 -9999 -9999 -9999 -9999 -9999 -9999 -9999 -9999 -9999 -9999 -9999 -9999 -9999 -9999 -9999 -9999 -9999 -9999 -9999 -9999 -9999 -9999 -9999 -9999 -9999 -9999 -9999 -9999 -9999 -9999 -9999 -9999 -9999 -9999 -9999 -9999 -9999 -9999 -9999 -9999 -9999 -9999 -9999 -9999 -9999 -9999 -9999 -9999 -9999 -9999 -9999 -9999 -9999 1.93457e-006 -9999 0 2.328084e-006 3.958411e-005 5.52521e-005 6.55156e-005 0.0001627337 0.0002214542 0.0002097337 0.0002076984
-9999 -9999 -9999 -9999 -9999 -9999 -9999 -9999 -9999 -9999 -9999 -9999 -9999 -9999 -9999 -9999 -9999 -9999 -9999 -9999 -9999 -9999 -9999 -9999 -9999 -9999 -9999 -9999 -9999 -9999 -9999 -9999 -9999 -9999 3.088093e-007 0 -9999 -9999 -9999 -9999 -9999 -9999 -9999 -9999 -9999 -9999 -9999 -9999 -9999 3.53213e-006 -9999 -9999 -9999 -9999 -9999 6.292765e-006 1.703673e-005 -9999 1.885623e-006 0 -9999 -9999 1.109551e-005 2.031746e-005 -9999 -9999 6.13468e-006 4.048065e-006 3.983412e-005 0.0001310727 0.0001909291
-9999 -9999 -9999 -9999 -9999 -9999 -9999 -9999 -9999 -9999 -9999 -9999 -9999 -9999 -9999 -9999 -9999 -9999 -9999 -9999 -9999 -9999 -9999 -9999 -9999 -9999 1.68208e-005 0.0001722206 0.0005487506 0.0004785774 0.0005789128 0.0007862659 0.001105253 0.001650916 0.001661698 0.001017659 -9999 -9999 -9999 -9999 -9999 -9999 -9999 -9999 -9999 -9999 -9999 -9999 -9999 -9999 -9999 -9999 -9999 -9999 -9999 -9999 -9999 -9999 -9999 8.024209e-007 2.108093e-005 5.591207e-005 9.273169e-005 6.017012e-005 2.894889e-005 6.053778e-005 0.0001149372 0.0001545032 0.0003005371 0.0003217595 0.0003694144
-9999 -9999 -9999 -9999 -9999 -9999 -9999 -9999 -9999 -9999 -9999 -9999 -9999 -9999 -9999 -9999 -9999 -9999 -9999 -9999 -9999 -9999 4.584155e-005 0.0003772416 0.0008902084 0.001594126 0.001996569 0.002048056 0.001554842 0.001115247 0.0007929919 0.0005494495 0.0002737535 3.880626e-005 -9999 -9999 -9999 -9999 -9999 -9999 -9999 -9999 -9999 -9999 -9999 -9999 -9999 -9999 2.357895e-005 2.955786e-005 3.61104e-006 -9999 -9999 2.919473e-006 3.402906e-005 9.131509e-005 0.0001631823 0.0002096561 0.0002315856 0.0002702589 0.0003218673 0.0003438814 0.0003386251 0.0003261976 0.0003372122 0.0003451935 0.0003571411 0.00048095 0.0005379237 0.0005970232 0.0006668406
-9999 -9999 -9999 -9999 -9999 -9999 -9999 -9999 -9999 -9999 -9999 -9999 -9999 -9999 -9999 -9999 -9999 -9999 -9999 -9999 -9999 7.873832e-005 0.0008212835 0.002036258 0.0022518 0.001737596 0.0008910754 0.0002355855 -9999 -9999 -9999 -9999 -9999 -9999 -9999 -9999 -9999 -9999 -9999 -9999 -9999 -9999 -9999 -9999 -9999 -9999 8.152471e-006 -9999 -9999 1.042041e-005 1.279316e-005 1.312663e-005 6.158662e-005 0.0001857411 0.0003445815 0.0003686367 0.0003686367 0.0003686367 0.0003686367 0.0003686367 0.0003686367 0.0003686367 0.0003686367 0.0003686367 0.0003703822 0.0003993449 0.0004269863 0.000617847 0.0007131185 0.0007131185 0.0007131185
-9999 -9999 -9999 -9999 -9999 -9999 -9999 -9999 -9999 -9999 -9999 -9999 -9999 -9999 -9999 -9999 -9999 -9999 -9999 -9999 0.0005485802 0.001928332 0.002359086 0.001962353 0.0007848008 1.421951e-005 -9999 -9999 -9999 -9999 -9999 -9999 -9999 -9999 -9999 -9999 9.659996e-005 0.004306073 0.001649349 -9999 -9999 0.0007229149 0.0004949318 0.0005314655 -9999 0 9.432355e-006 9.337984e-005 0.0002355437 0.0002500297 0.0002551945 0.0002877816 0.0002970912 0.000349744 0.000385814 0.001080862 0.001554446 0.001729037 0.0006367536 0.0004697117 0.0004580422 0.000430657 0.0004436119 0.0006326146 0.0007318676 0.0007580623 0.0007580623 0.0007580623 0.0007580623 0.0007580623 0.0007580623
-9999 -9999 -9999 -9999 -9999 -9999 -9999 -9999 -9999 -9999 -9999 -9999 -9999 -9999 -9999 -9999 -9999 -9999 0.0001257086 0.001001424 0.002525224 0.002624687 0.001614949 9.165504e-005 -9999 -9999 -9999 -9999 -9999 -9999 -9999 -9999 -9999 -9999 -9999 0.001665141 0.009782122 0.009907464 0.009812302 0.006329357 -9999 0.001595131 0.004979791 0.0004742228 0.004183937 0.003639296 0.0006995795 0.0001740149 0.0002711896 0.0005289931 0.0007995163 0.0007373487 0.001420291 0.00469625 0.00474018 0.006340073 0.008209496 0.008215043 0.006707918 0.002673358 0.0008267705 0.0008027594 0.0008027594 0.0008027594 0.0008027594 0.0008027594 0.0008027594 0.0008027594 0.0008027594 0.0008027594 0.0008027594
-9999 -9999 -9999 -9999 -9999 -9999 -9999 -9999 -9999 -9999 -9999 -9999 -9999 -9999 -9999 -9999 -9999 -9999 0.0006697904 0.001753334 0.00217088 0.002729126 0.002130673 0.0002734034 -9999 -9999 -9999 -9999 -9999 -9999 -9999 -9999 -9999 0.0005138743 0.004685488 0.009741102 0.01191421 0.01191421 0.01165687 0.003347576 0.006665044 0.01327926 0.006783657 0.007804884 0.009262178 0.01217586 0.009494482 0.002358169 0.001088048 0.0007551427 0.001009279 0.001443214 0.001443214 0.001443214 0.001443214 0.004445273 0.008595827 0.008662941 0.008662941 0.008662941 0.003882841 0.000846441 0.000846441 0.000846441 0.000846441 0.000846441 0.000846441 0.000846441 0.000846441 0.000846441 0.000846441
-9999 -9999 -9999 -9999 -9999 -9999 -9999 -9999 -9999 -9999 -9999 -9999 -9999 -9999 -9999 -9999 -9999 -9999 -9999 0 0.0002488973 0.0008489863 0.001059344 0.001044685 0.0003287951 0.0004425954 0.0008030294 2.80257e-005 -9999 -9999 -9999 -9999 -9999 0.0008720122 0.009521424 0.01253742 0.01253742 0.011183 0.01252822 0.008310243 0.001044586 0.01288314 0.01423985 0.01437913 0.0143321 0.01366733 0.01195831 0.005874401 0.001509315 0.001170137 0.001078764 0.001517419 0.001743656 0.005260196 0.004650712 0.006614008 0.009076023 0.009107979 0.009107979 0.008950987 0.004286177 0.0008901852 0.0008901852 0.0008901852 0.0008901852 0.0008901852 0.0008901852 0.0008901852 0.0008901852 0.0008901852 0.0008901852
2.27276 0.1556108 0.1560831 0.03645797 -9999 -9999 -9999 -9999 -9999 -9999 -9999 -9999 -9999 -9999 -9999 0.0009576589 0.001317118 0.0001541624 -9999 -9999 -9999 0 -9999 -9999 -9999 6.659991e-005 0.0006354253 0.001514453 0.002415808 0.002220329 0.00193256 0.001639112 0.001732145 0.00100948 0.005837237 0.01184826 0.01288623 0.01234442 0.01308481 0.007540191 0.00337902 0.01317344 0.01173939 0.01285761 0.01510529 0.01500504 0.008516219 0.004642934 0.004493158 0.002381581 0.001481754 0.003099048 0.008635841 0.009305454 0.008299932 4.265963 0.008804703 0.008877805 0.008734456 0.00251636 0.0009246314 0.0009173965 0.000874568 0.0008359642 0.0007983109 0.0007812448 0.0007646261 0.0007947548 0.0008133358 0.000846201 0.0008634386
1.265385 0.04046963 0.04487006 0.1533156 0.1263182 0.004402923 0.001245813 0 -9999 -9999 0.0002848747 0.001480023 0.001571608 0.0003856923 -9999 0.0006251271 0.0005127848 0.0008177136 0.00148196 0.00176502 0.00226905 0.0008190952 0.001760774 0.0019195 0.002093898 0.002881463 0.00172511 0.002399398 0.00318035 0.00319783 0.005597197 0.1483909 0.1672519 0.01112369 0.007443574 0.005559217 0.0136053 0.01367724 0.01347587 0.01251486 0.002805001 0.01166396 0.03533532 0.04636789 0.01175147 0.01562761 0.01580712 0.01580712 0.01580712 0.01322603 0.006059228 0.008105325 0.01037383 0.01106156 0.009427041 0.009163955 0.009251932 0.008559431 0.009108461 0.008793399 0.00598569 0.001183442 0.0007612278 0.0007647815 0.0007647815 0.0007647815 0.0007647815 0.0007647815 0.0007647815 0.0007238457 0.0007647815
0.6910367 0.2336888 0.01326232 0.01276046 0.01272619 0.01272619 0.01272132 0.01036716 0.001253035 -9999 0.0002210856 0.002966353 0.001500033 0.0004130833 0.0004036254 0.002316827 0.003106905 0.003293675 0.003338122 0.00361038 0.00416817 0.2380645 0.004429677 0.004347946 0.00426627 0.004808169 0.006077528 0.005028034 0.01681072 0.1641778 0.4736486 0.647235 0.6455652 0.07246578 0.0125688 0.0126146 0.01404534 0.01436926 0.01363494 0.008203971 0.001360581 0.02070299 0.03266407 0.04218268 0.03844693 0.0213282 0.01610058 0.01650795 0.01634384 0.01110781 0.007375001 0.009153972 0.07040915 0.08279959 0.04552348 0.01908513 0.008907729 0.008819422 0.005391164 0.001168006 0.0007809133 0.0007868454 0.0007831028 0.0007981973 0.0007988 0.0007988 0.0007988 0.0007988 0.0007988 0.0007988 0.0007988
0.02891588 0.01156279 0.01182889 0.01392682 0.01583191 0.01641658 0.01436362 0.007676855 0.003871096 0.009913256 0.005963162 0.00742202 0.005216934 0.003127278 0.00324504 0.004441021 0.007762978 0.01408385 0.02189045 0.02795146 0.04047408 0.03982808 0.03651956 0.03652 0.7413502 0.06112137 0.1422255 0.1423508 0.1499911 0.4221567 0.6478992 0.3149239 0.01714537 1.65379 0.01309488 0.01384664 0.01771338 0.01792072 0.01396527 0.01617992 0.02906339 0.03400489 0.03764733 2.584783 0.05977478 0.05820152 0.03206961 0.01380101 0.01317546 0.01054434 0.01015119 0.007318951 0.02886035 0.07229079 0.03234672 0.007059699 0.004489751 0.001443708 0.0008321312 0.0008321115 0.000800396 0.0008093903 0.0008223638 0.0008322575 0.0008322575 0.0008322575 0.0008322575 0.0008322575 0.0008322575 0.0008322575 0.0008322575
0.03047016 0.01943734 0.009993 0.003085074 0.00428168 -9999 0.006083462 0.04721838 0.03825049 0.02997895 0.0262315 0.02303004 0.02278391 0.0218504 0.01965762 0.02303225 0.02801452 0.02906723 0.02906723 0.03418929 0.08516278 0.08548761 0.05641229 0.05393761 0.9460496 0.06758821 0.1287071 0.1533925 0.1936028 0.1088858 0.02252974 0.02252974 0.02212578 0.02192299 0.01806932 0.01441295 0.01695967 0.02881827 0.03537849 1.316318 0.03537849 0.03537849 0.04471243 0.06142791 0.06218949 0.06218949 0.05181932 0.01334512 0.01051722 0.01051722 0.01106371 0.01158614 0.007608745 0.007608745 0.007215387 0.006297234 0.001734735 0.0008619029 0.0008542368 0.000865219 0.000865219 0.000865219 0.000865219 0.000865219 0.000865219 0.000865219 0.000865219 0.000865219 0.000865219 0.000865219 0.000865219
0.06090451 0.1620416 0.0246824 0.01275928 0.03543606 0.04127296 2.132989 3.946224 0.07977694 0.0793521 0.06588311 0.05713933 0.03601185 0.02993833 0.03085549 0.02990626 0.03347103 0.03930195 0.08095451 0.3196807 0.2079974 0.09884455 0.09329586 0.05899331 0.04495303 0.04370239 0.0574454 0.1068743 0.09149314 0.07921177 0.04771405 0.04895043 0.05547291 0.0391962 0.02750265 0.02865171 0.03191492 0.03665264 0.03672988 0.03672988 0.03672988 0.04445174 0.057443 0.06456482 0.06456482 0.06438142 0.04922426 0.01051826 0.01091705 0.01091906 0.01091906 0.01086952 0.0122041 0.007944536 0.007453872 0.007905548 0.006431055 0.004635936 0.003136962 0.0008895883 0.000888231 0.0008896625 0.0008936253 0.0008990126 0.0008990126 0.0008883632 0.0008881197 0.0008881916 0.0008946928 0.0008990126 0.0008990126
0.07068624 0.2708687 0.07124845 0.05789036 0.0385224 0.260376 0.07274456 0.1294744 0.1061419 0.100114 0.07503387 0.06872924 0.06343802 0.05856326 0.04769472 0.04530274 0.04993304 0.09008428 0.1109856 0.3876016 1.052255 0.2544824 0.1169256 0.04894612 0.2872344 0.03490531 0.06288206 0.09480197 0.09480197 0.09480197 0.09480197 0.1226397 0.1838923 1.009144 0.0592648 0.0592648 0.06009342 0.06759213 0.07619667 0.1004578 0.09998044 0.7925581 2.528481 0.07170346 0.06689985 0.06689985 0.05242999 0.02787422 0.01160594 0.01131387 0.01131387 0.01131387 0.01254944 0.008197372 0.007715366 0.008153627 0.00816182 0.008197372 0.007652821 0.003699029 0.003137814 0.001834946 0.001127752 0.0009246685 0.0009230609 0.0009292445 0.00098798 0.001261087 0.001301706 0.001194399 0.0009321051
0.06651629 0.2734191 0.07801376 0.0778013 0.0890332 0.1283485 0.1403459 0.1839708 0.1361568 0.0969175 0.09165118 0.07243449 0.06581435 0.07331721 0.06818561 0.08401228 0.2952703 0.2500199 0.1147645 0.1116482 0.2714584 0.3105699 0.07822318 0.04990033 0.04990033 0.04990033 0.08212402 0.09812244 0.1269467 0.1968067 0.2233193 0.2686337 3.643885 0.3358993 0.1673856 0.1013687 0.1037624 0.1188498 0.2260567 0.2330734 0.2324392 2.756832 0.2311501 0.1493626 2.512849 0.07577224 0.07655199 0.07988304 0.07082412 0.06497169 0.04722792 0.02524331 0.01043667 0.008472345 0.008472345 0.008184236 0.008271305 0.007290596 0.005205492 0.004586497 0.004617864 0.004617864 0.004547208 0.003792304 0.004433476 0.003646787 0.003945695 0.003692006 0.003542518 0.003401545 0.00300154
0.1653089 1.877 0.04410198 0.1011601 0.1403879 0.1348343 0.1646246 0.2261337 0.3008694 0.2627518 0.1774353 0.1561864 0.1404913 0.8367952 0.4680438 0.1210158 0.310037 2.296618 1.398335 0.1086628 0.1136274 0.1183021 0.1012741 0.06890015 0.06449019 0.06696535 0.09271385 0.09400431 0.1857231 0.3320073 0.7607769 0.7306837 0.5749509 0.315244 0.2360204 0.1106497 1.95544 0.1429483 0.2459647 5.232347 13.83222 0.2155321 2.372803 0.4598697 0.08357101 0.08357101 0.08144711 0.08357101 0.08357101 0.08357101 0.08225074 0.07739293 0.04620521 0.01790884 0.01604157 0.01236007 0.008175247 0.007870701 0.004746122 0.008761746 0.008329613 0.007513062 0.005068372 0.004777602 0.004777602 0.004777602 0.004236036 0.003665177 0.003665177 0.003665177 0.003665177
0.337774 0.2515868 0.1657768 0.2292772 0.2059518 0.260305 0.2760291 0.2885005 0.2590607 0.2771911 0.2188691 0.1990135 0.2313653 0.7159228 0.1906803 0.1506127 0.1915747 0.1467294 0.09493645 0.12917 0.1114619 0.09987053 0.09798472 0.0894477 0.09126067 0.1001694 0.7264798 0.2645885 0.1060141 0.08641533 0.2497734 2.421035 0.2116071 0.1954113 0.1423742 0.1415936 0.1443371 0.2637343 0.3368911 2.304496 0.325024 0.2319831 0.1003145 13.57474 0.04025223 0.9859874 0.04421968 0.04347261 0.04952142 0.0451063 0.03524765 0.03785728 0.03551335 0.03551335 0.03551335 0.03428214 0.02783431 0.02807165 0.02872199 0.03536752 0.03696644 0.03694901 0.01136092 0.004928101 0.004928101 0.004928101 0.009600408 0.004153024 0.003780561 0.003780561 0.003780561
0.7318689 0.3156325 0.26068 0.3240877 4.121813 0.597472 4.102278 0.9331017 0.282479 0.230409 0.1741778 0.2269212 0.2673667 0.2302066 0.1289729 0.1683665 0.1968804 0.08969179 0.1276858 0.1920452 0.2346415 0.6873712 0.3184234 2.217529 0.4563075 0.6359295 0.5891026 2.593324 0.2038051 0.06838949 0.04708561 0.07948369 0.1507041 0.2157188 0.2229419 0.1765585 0.1220287 0.1249699 0.1825917 0.2601734 0.2561767 0.2561767 0.210979 0.06388362 0.03323543 0.03320043 0.03299507 0.03387034 0.0346154 0.03863178 0.05619587 0.06024789 0.06005259 0.06012761 0.05158153 0.04165228 0.03662115 0.03596361 0.03620333 0.03804341 0.03811952 0.05907205 0.07745794 0.05692064 0.07229616 0.08210022 0.1042837 0.08943602 0.07712907 0.04024526 0.009044209
0.5276529 0.7402098 0.4004762 0.3695629 0.4781451 0.3668808 0.7060546 0.7793356 0.5520411 0.3578899 0.2528233 0.291431 0.4804777 0.2462139 0.2064515 0.5146971 3.256558 1.180929 0.3565508 1.245357 0.3741798 0.6553292 1.250277 5.24652 1.757337 0.3984549 2.3803 1.950354 0.3421507 0.3725668 0.3319966 0.1332146 0.7449456 0.3473783 0.4607565 5.532974 0.2667876 0.2094142 0.133507 0.1196313 0.1281907 0.1226359 0.06514058 0.03546563 0.03573935 0.03823945 0.03885904 0.04469733 0.08947539 0.6329611 0.1676498 0.0991388 0.09072772 0.117844 0.09672449 0.04777334 0.03776678 0.03765973 0.03719203 1.585276 0.09610368 0.1389494 0.1253164 0.108995 0.1091147 0.1084746 0.1060166 0.1034323 0.08411849 1.30529 0.05223824
0.784416 0.9987459 0.8052539 0.5420101 0.698984 3.87668 8.670619 4.238069 1.678653 0.9798583 0.4009882 0.4823019 0.733103 0.8152958 0.5102332 0.4434491 0.4439832 0.2938414 0.3591453 0.6808208 0.8065295 1.61514 0.9685497 4.147237 0.4908138 0.4986873 4.361264 4.809513 3.804156 0.7876533 1.480938 0.6729071 14.36254 1.575596 1.032759 0.5688967 0.5806654 0.2960542 0.1871961 0.134886 0.2143851 0.1433567 0.1421891 0.06414218 0.05614602 0.05483049 0.05252726 0.06733909 0.1306584 0.1999135 0.4053252 0.5131211 1.005852 0.1876171 0.1336388 0.1166497 0.1221812 0.1327767 0.1504481 0.2607371 0.3208095 0.2083816 0.219222 0.2337089 0.127221 0.09535571 0.1385412 0.1224167 0.05505166 0.08517878 0.2000851
0.2810579 0.9510115 3.920316 4.05832 4.535959 4.75447 1.195876 4.107156 2.499186 1.115732 17.30169 4.299194 0.7647491 0.5479164 4.671916 0.6769713 1.535354 1.67632 1.170604 1.443451 7.357326 2.633039 1.031053 0.8135116 1.364953 1.10797 2.257254 19.06461 3.974293 2.228059 1.920104 0.6615374 1.322048 4.705 1.846829 1.871612 4.524001 1.328527 0.3133335 0.1853825 0.2860401 0.7138951 0.321134 0.207423 0.1614045 0.0743067 0.07424732 0.09103847 0.1012355 0.1304188 0.5524556 7.79784 0.9326087 1.531773 0.6565194 0.3570746 0.6167108 3.396255 0.4493009 11.08322 1.803909 0.6497343 2.374027 0.6011784 0.3782975 0.3330052 0.1485745 0.1635918 3.215599 0.1636405 0.2510508
0.7969067 0.8597302 1.37012 5.954506 400.3324 15.75114 3.530915 1.357091 1.020734 3.229606 3.236112 1.450459 1.340353 1.259565 1.913935 5.831572 14.38413 2.465234 4.192843 10.23 1.387414 1.702286 1.460776 0.9945886 0.7664361 0.7736266 2.774683 2.673688 13.02828 0.7007133 0.5608641 0.6067518 3.267894 0.3786299 0.4183126 -1e+008 -1e+008 -1e+008 0.5680087 0.875119 7.629987 1.042931 0.5700142 0.4953108 0.342081 1.182719 0.1552463 0.2394501 0.3694793 8.188264 3.599177 1.786052 1.01566 6.635221 0.2890815 0.2723578 1.142436 0.6827945 0.3847744 4.064634 0.6006883 1.207149 0.3314511 0.3833775 0.09651301 0.4930262 0.07747173 0.1670698 0.1776053 0.1755079 0.1022855
0.5570006 0.5195063 0.6731969 2.600616 8.253089 4.227273 5.338245 0.8039842 1.109387 0.8291782 1.016245 1.403461 3.703198 1.071506 0.9888329 4.786777 1.358428 1.558672 1.204563 5.204513 4.336729 1.869128 3.997592 9.959223 0.9230322 1.601722 1.879455 1.554454 -9.999999e+007 -1e+008 -1e+008 -1e+008 -1e+008 -1e+008 -1e+008 -1e+008 -1e+008 -1e+008 -1e+008 -1e+008 -9.999999e+007 0.939194 -1e+008 -1e+008 0.4260996 0.4540543 0.4534661 0.3995647 0.5291314 2.106126 7.963221 0.5825154 0.6836337 5.852491 0.2557211 0.1012134 0.3256363 0.3127729 0.3797748 0.345591 0.2947132 0.2856569 0.2199094 0.09140086 0.06156879 0.4259724 0.2744423 0.7411855 0.2955275 0.3671443 0.07127021
1.037527 4.107034 0.7005881 1.355758 1.857382 4.110289 1.77384 1.024069 1.09673 0.7389034 0.8555282 1.861288 2.58268 1.230073 0.5735219 2.251829 7.496401 11.78011 1.403111 1.62794 0.9627983 0.8999153 2.572881 3.900008 0.2756796 2.679257 3.120444 -1e+008 -1e+008 -1e+008 -1e+008 -1e+008 -1e+008 -1e+008 -1e+008 -1e+008 -1e+008 -1e+008 -1e+008 -1e+008 -1e+008 -1e+008 -1e+008 -1e+008 -1e+008 -1e+008 0.3819266 0.2893449 0.5905558 0.551402 4.66601 0.9431905 0.2999721 2.487843 8.005918 1.285174 0.3682537 0.3702816 3.890569 0.387725 0.2334393 0.1843907 0.08858853 0.03636233 0.02777713 0.0450591 0.07863059 0.1809339 0.5024196 1.063856 1.462073
