data/raw/spatialecon-gecon-v4-gis-ascii/GIS data ASCII/PPP2005/ppp2005sum.asc
ncols         360
nrows         140
xllcorner     -180.0
yllcorner     -56.0
cellsize      1
NODATA_value  -9999
[rows 31 to 61 of 140, columns 213 to 283 of 360]
1.04511 0.8614771 1.731681 4.038418 1.547653 2.670169 7.030171 1.996886 3.572284 0.939004 0.9670962 0.8393447 0.7334482 0.7306872 2.085105 0.8286034 1.416824 0.7201647 0.6651714 1.580596 0.8843731 0.6335846 1.988168 0.7032976 0.3609008 1.193394 0.4362879 -1e+008 -1e+008 -1e+008 -1e+008 -1e+008 -1e+008 -1e+008 -1e+008 -1e+008 -1e+008 -1e+008 -1e+008 -1e+008 -1e+008 -1e+008 -1e+008 -1e+008 -1e+008 -1e+008 -1e+008 0.3918456 0.4008101 0.5493159 0.3668199 0.4754852 1.914282 0.2413296 0.4033471 0.1800619 0.1274718 0.1811199 0.320244 0.1725979 0.128045 0.04370141 0.01004896 0.004208951 0.004314684 0.008289335 0.009772665 0.0168933 0.1193832 0.2936244 4.640888
2.340763 1.360235 1.920268 4.459586 4.123022 1.444407 8.146439 1.254809 1.082381 1.526214 1.515342 0.6559815 6.223078 5.190262 1.28559 0.8326134 -1e+008 -1e+008 -1e+008 -1e+008 -1e+008 -1e+008 6.504277 -1e+008 -1e+008 -9.999999e+007 0.478875 -1e+008 -1e+008 -1e+008 -1e+008 -1e+008 -1e+008 -1e+008 -1e+008 -1e+008 -1e+008 -1e+008 -1e+008 -1e+008 -1e+008 -1e+008 -1e+008 -1e+008 -1e+008 -1e+008 -1e+008 -1e+008 -1e+008 0.3890072 0.2053779 0.2222025 0.2599284 0.4845202 0.05645043 0.07914713 0.1011921 0.1107283 0.08623605 0.09948621 0.08112191 0.3979406 0.01979652 0.01495881 0.01763809 0.02312501 0.02417746 0.02011119 0.05906714 0.1222017 0.3564409
1.878408 3.586667 1.95655 10.23627 1.979436 2.531009 1.902333 1.286762 1.181961 0.8621179 1.249534 0.8667341 1.864836 0.5931808 -1e+008 -1e+008 -1e+008 -1e+008 -1e+008 -1e+008 -1e+008 -1e+008 -1e+008 -1e+008 -1e+008 -1e+008 -1e+008 -1e+008 -1e+008 -1e+008 -1e+008 -1e+008 -1e+008 -1e+008 -1e+008 -1e+008 -1e+008 -1e+008 -1e+008 -1e+008 -1e+008 -1e+008 -1e+008 -1e+008 -1e+008 -1e+008 -1e+008 -1e+008 -1e+008 -1e+008 -1e+008 -1e+008 -1e+008 0.06914955 0.04583064 0.03337632 0.04072376 0.06238095 0.0566662 0.02611655 0.03801093 0.04102267 0.02815839 0.02391843 0.03360898 0.02697593 0.0257843 0.02234176 0.0257843 0.06702408 0.114667
4.407661 4.168167 1.793019 7.749136 1.890998 1.335541 0.9035842 0.89577 0.6095746 0.5327851 0.8652346 0.6085443 0.6302298 -1e+008 -1e+008 -1e+008 -1e+008 -1e+008 -1e+008 -1e+008 -1e+008 -1e+008 -1e+008 -1e+008 -1e+008 -1e+008 -1e+008 -1e+008 -1e+008 -1e+008 -1e+008 -1e+008 -1e+008 -1e+008 -1e+008 -1e+008 -1e+008 -1e+008 -1e+008 -1e+008 -1e+008 -1e+008 -1e+008 -1e+008 -1e+008 -1e+008 -1e+008 -1e+008 -1e+008 -1e+008 -1e+008 -1e+008 -1e+008 -1e+008 -1e+008 0.03586452 0.03459198 0.03170539 0.03268142 0.0313833 0.02800245 0.03268726 0.02863115 0.02486558 0.02600979 0.0261347 0.02597219 0.02726771 0.02402308 0.01646717 0.01857699
3.373954 6.855641 7.882957 2.052021 11.51915 12.96908 6.381555 3.230771 0.8810591 0.6492459 0.8171024 12.64699 0.4643548 -1e+008 -1e+008 -1e+008 -1e+008 -1e+008 -1e+008 -1e+008 -1e+008 -1e+008 -1e+008 -1e+008 -1e+008 -1e+008 -1e+008 -1e+008 -1e+008 -1e+008 -1e+008 -1e+008 -1e+008 -1e+008 -1e+008 -1e+008 -1e+008 -1e+008 -1e+008 -1e+008 -1e+008 -1e+008 -1e+008 -1e+008 -1e+008 -1e+008 -1e+008 -1e+008 -1e+008 -1e+008 -1e+008 -1e+008 -1e+008 -1e+008 0.2302467 0.1260251 0.03471002 0.03200584 0.02752021 0.02602599 0.02587212 0.0272954 0.02624973 0.02509873 0.02473262 0.02740758 0.03078964 0.03644567 0.03828517 0.02215355 0.01518075
4.739618 3.891222 7.900603 1.512418 10.08165 5.625501 12.36691 5.9105 1.353775 2.178254 0.5418929 0.179102 0.07384925 0.150996 -1e+008 -1e+008 -1e+008 -1e+008 -1e+008 -1e+008 -1e+008 -1e+008 -1e+008 -1e+008 -1e+008 -1e+008 -1e+008 -1e+008 -1e+008 -1e+008 -1e+008 -1e+008 -1e+008 -1e+008 -1e+008 -1e+008 -1e+008 -1e+008 -1e+008 -1e+008 -1e+008 -1e+008 -1e+008 -1e+008 -1e+008 -1e+008 -1e+008 -1e+008 -1e+008 -1e+008 -1e+008 -1e+008 -1e+008 0.1473114 0.2199046 0.1894018 0.06411882 0.05174629 0.02796112 0.02501207 0.02324417 0.0149254 0.01768001 0.02465765 0.02557553 0.02485431 0.02891967 0.03833584 0.03984839 0.03935052 0.02526785
1.454335 0.9045141 1.968756 1.284546 0.1145624 1.789761 2.047553 1.626427 1.65076 0.6095552 0.3851964 0.4550827 0.03555686 0.06716127 1.523054 -1e+008 -1e+008 -1e+008 -1e+008 -1e+008 -1e+008 -1e+008 -1e+008 -1e+008 -1e+008 -1e+008 -1e+008 -1e+008 -1e+008 -1e+008 -1e+008 -1e+008 -1e+008 -1e+008 -1e+008 -1e+008 -1e+008 -1e+008 -1e+008 -1e+008 -1e+008 -1e+008 -1e+008 -1e+008 -1e+008 -1e+008 -1e+008 -1e+008 -1e+008 -1e+008 -1e+008 -1e+008 -1e+008 0.06241195 0.06982858 0.07060475 0.06814762 0.09635578 0.02981718 0.02758075 0.02243182 0.0109885 0.009681669 0.01186083 0.01606177 0.01685454 0.01698508 0.01823973 0.03316789 0.04290882 0.04294797
1.776522 1.779655 0.8052065 1.03783 1.56572 4.686546 6.278984 3.564461 5.120986 2.112844 1.242513 0.445924 0.1408096 0.04418493 0.326327 0.1500777 0.001480436 0 -1e+008 -1e+008 -1e+008 -1e+008 -1e+008 -1e+008 -1e+008 -1e+008 -1e+008 -1e+008 -1e+008 -1e+008 -1e+008 -1e+008 -1e+008 -1e+008 -1e+008 -1e+008 -1e+008 -1e+008 -1e+008 -1e+008 -1e+008 -1e+008 -1e+008 -1e+008 -1e+008 -1e+008 -1e+008 -1e+008 -1e+008 -1e+008 0.1469011 0.7063507 1.108058 0.2548397 0.3106821 0.104079 0.09170207 0.1524055 0.04699198 0.02835813 0.01422735 0.01022842 0.01022842 0.01014888 0.009931331 0.01440808 0.01675611 0.01703752 0.03875709 0.04325344 0.03708622
2.042619 2.560536 0.09556298 -9999 2.847191 2.148792 3.034784 3.250318 4.178099 4.087322 5.969426 1.893483 0.5426953 0.1868581 0.04154843 0 0 -1e+008 -1e+008 -1e+008 -1e+008 -1e+008 -1e+008 0.01220887 0.01222355 0.003825961 -9999 -1e+008 -1e+008 -1e+008 -1e+008 -1e+008 -1e+008 -1e+008 -1e+008 -1e+008 -1e+008 -1e+008 -1e+008 -1e+008 -1e+008 -1e+008 -1e+008 -1e+008 -1e+008 -1e+008 -1e+008 -1e+008 2.39805 0.5223873 0.3471795 1.013689 1.457088 1.945423 1.32779 0.5106509 0.3456897 0.2306079 0.1037212 0.06131912 0.05751153 0.02917926 0.01237812 0.01040908 0.01038774 0.01630632 0.01670865 0.01758142 0.02777589 0.03757871 0.01213701
-9999 -9999 -9999 -9999 -9999 -9999 1.602668 1.305849 0.7611483 1.950512 4.444326 3.154205 7.258775 3.942216 1.336251 0 0 -1e+008 -1e+008 -1e+008 -1e+008 -1e+008 -1e+008 0.01243156 0.01086925 0.143082 0.1772346 0.05122086 -1e+008 -1e+008 -1e+008 -1e+008 -1e+008 -1e+008 -1e+008 -1e+008 -1e+008 -1e+008 -1e+008 -1e+008 -1e+008 -1e+008 -1e+008 -1e+008 -1e+008 -1e+008 -1e+008 -1e+008 1.140376 0.8290525 0.7354254 0.3596617 0.2794198 0.7971815 16.46922 0.6737283 0.3959254 0.1556923 0.1360419 0.1111016 0.1016406 0.05084529 0.05479597 0.01285697 0.01048132 0.01747755 0.01302227 0.009553437 0.008709311 0.007784881 0.007927683
0.00499978 0.01389163 0.01567049 -9999 -9999 -9999 -9999 0.01881164 1.287547 2.42275 1.178871 2.129062 1.318719 1.135644 1.738222 0.4457757 0 -9999 -1e+008 -1e+008 -1e+008 -1e+008 -1e+008 0.01263552 0.1011799 0.7017489 1.700954 0.3395468 0.2423898 0.01822218 0.0708944 0.01247586 -1e+008 -1e+008 -1e+008 -1e+008 -1e+008 -1e+008 -1e+008 -1e+008 -1e+008 -9.999999e+007 -1e+008 -1e+008 -1e+008 -1e+008 -1e+008 -1e+008 0.4013859 0.3886816 0.5283257 0.1577191 0.4159222 0.4248488 0.1727061 0.2330005 0.3189183 0.1547393 0.1528452 0.1508543 0.1508543 0.1507439 0.15082 0.01596205 0.007083152 0.01303739 0.012016 0.009266871 0.00910291 0.008187468 0.007975303
1.571535 2.050095 4.650488 3.28411 0.6003633 0.01902607 0.5442302 0.4569834 2.260514 1.352601 1.319662 5.962059 2.470622 1.721689 1.362324 2.254813 0.1167377 -9999 -9999 -1e+008 0.0005550642 -1e+008 -1e+008 0.06987265 0.3885303 0.6265814 1.347785 2.610562 0.4793445 0.1038473 0.02139652 0.188814 0.01944956 -1e+008 -1e+008 -1e+008 -9.999999e+007 -1e+008 2.046082 0.7579224 0.4058159 0.08920671 0.09381399 0.08129875 0.07666784 0.198825 0.5293111 0.5756086 0.6427671 0.4990227 0.6489249 0.1794701 0.9657441 0.3881788 0.1161451 0.115919 0.1926896 0.1049975 0.101812 0.1082352 0.1462523 0.1292641 0.06182176 0.006912406 0.004316366 0.01174693 0.01216799 0.01028869 0.009708844 0.01021019 0.01678262
7.850198 3.22054 4.220806 4.948196 4.156096 2.862677 5.30961 4.737765 1.942189 1.145145 1.989042 7.67738 2.181235 4.045359 3.774989 2.114 7.669516 2.561576 -9999 0.2214195 0.1075452 0.03125809 0.05016976 0.09566448 0.4086292 0.5270538 0.3617222 0.1871045 0.1508566 0.4311059 0.2687962 0.7206628 1.095073 0.7669479 0.9953871 -1e+008 3.08055 2.599152 5.524811 4.911718 0.6280305 0.1300845 0.06303757 0.2953073 0.3414995 0.2174934 0.4235508 0.5790461 0.8845348 0.2153201 0.2063038 0.06066319 0.04491513 0.04468355 0.04228196 0.0286719 0.01859739 0.001556995 0.003137765 0.01449462 0.1115215 0.1279591 0.07152742 0.0913221 0.1736258 0.280329 0.1364474 0.03310672 0.01000567 0.01034598 0.0103454
15.04058 3.014934 2.634367 1.982095 1.320052 1.534794 0.94999 1.33095 1.537872 1.386877 1.358579 2.648688 2.118295 1.933133 3.773656 3.717504 1.859961 -9999 -9999 0.1371983 0.4113807 0.5479133 0.07956213 0.11929 0.258302 0.3944623 0.2780535 0.3057936 0.4284422 0.3522709 1.603927 1.490147 1.058696 3.747767 2.220715 0.661944 0.543612 0.2488765 0.1806307 0.1490617 0.1166004 0.1161489 1.50146 2.593736 1.102826 0.5666156 0.5486674 0.5524217 0.6056716 0.1484037 0.06679031 0.01259296 0.01259296 0.0117215 0.004566388 0.004617024 0.004559521 0.003648541 0.00468635 0.02149377 0.04367977 0.03933599 0.0054941 0.02510775 0.07969649 0.6059949 0.4659929 1.023886 0.03576662 0.1529317 0.1951179
7.726867 4.580925 4.704615 5.723201 3.873218 5.065026 4.9593 4.688435 3.006769 1.84841 1.902114 4.590633 5.364512 5.097618 4.196908 7.239426 0.01775736 -9999 -9999 -9999 0.02849624 0.1314421 0.3283553 0.7824424 0.4428501 0.6603432 0.3112026 0.397225 0.6695396 0.4256384 0.5180815 0.5009881 1.629243 1.023477 1.512846 2.692071 0.8965604 -1e+008 -1e+008 0.02740422 0.02642905 0.09521006 0.1840713 1.345696 1.717042 0.4180472 0.3161691 0.5123304 0.2201906 0.1002511 0.01522934 0.0127728 0.01247029 0.0127728 0.006429397 0.004723408 0.00458324 0.01075956 0.01620757 0.01569934 0.01564722 0.01682847 0.01689825 0.03205856 0.04892012 0.03517553 0.04918462 0.7098722 0.5040101 1.180064 0.4455537
7.777677 8.608725 13.64145 9.867557 8.890553 5.370121 3.91695 4.604974 3.794191 -1e+008 -1e+008 -9.999999e+007 11.10995 10.94237 3.363057 4.100437 15.74517 3.402952 -9999 -9999 0.1231363 3.178606 3.969005 2.37976 3.047187 2.243354 2.158423 0.5619819 1.378309 0.877054 0.4325339 -1e+008 -1e+008 -1e+008 -1e+008 -1e+008 -1e+008 -1e+008 -1e+008 -1e+008 -1e+008 -1e+008 0.04898776 0.6519528 0.3396211 0.1650467 1.014468 0.4286625 0.1603227 0.09376393 0.01732749 0.01294943 0.01278885 0.01294659 0.01148262 0.004629978 0.004330169 0.007247089 0.01895914 0.02239935 0.0296594 0.02351817 0.02097076 0.0637022 0.09521925 0.05351057 0.07991189 0.2032631 0.9415067 1.252716 1.046728
11.69731 5.106448 5.855509 12.86505 6.876064 3.551841 3.943006 2.644634 -1e+008 -1e+008 -1e+008 -1e+008 -9.999999e+007 5.640767 3.054312 3.629078 4.874839 9.120572 9.88588 12.53416 6.02465 6.385147 1.082372 1.349408 2.475992 4.028484 10.66511 6.715232 0.8171562 0.3939869 -1e+008 -1e+008 -1e+008 -1e+008 -1e+008 -1e+008 -1e+008 -1e+008 -1e+008 -1e+008 -1e+008 -1e+008 0.01359812 0.1334231 0.3071577 0.2011044 0.4966654 0.2660244 0.1614182 0.1081255 0.01783734 0.01506828 0.01311916 0.01134965 0.008478702 0.007671586 0.006233337 0.007215601 0.02028212 0.03752318 0.03876787 0.03765541 0.02725641 0.0249674 0.02644333 0.04697569 0.166455 0.1849412 6.14477 2.459396 14.35388
8.265626 0.4680501 2.75993 14.94864 9.704514 4.113278 1.999544 3.384927 -1e+008 -1e+008 -1e+008 -1e+008 -1e+008 -9.999999e+007 4.42273 4.614189 4.876992 13.33571 107.5221 2.815596 1.588634 0.5517739 0.3742365 0.6342948 2.255275 2.297678 4.090914 5.575769 -1e+008 -1e+008 -1e+008 -1e+008 -1e+008 -1e+008 -1e+008 -1e+008 -1e+008 -1e+008 -1e+008 2.838115 0.980539 0.0532874 0 0.005286394 0.1848527 0.07632133 0.06600437 0.09466791 0.08411621 0.04389034 0.01183538 0.01073743 0.007278618 0.005662324 0.006833529 0.008731081 0.008030432 0.007555533 0.007715329 0.008443644 0.01644093 0.02411523 0.0281105 0.02146146 0.01932797 0.01650449 0.09816686 0.2139719 0.3582503 0.979575 3.459531
6.128547 0.06638607 7.396501 8.643307 1.255462 0.6890427 0.7945064 -1e+008 -1e+008 -1e+008 -1e+008 -1e+008 -1e+008 5.85786 8.01393 9.199753 6.905626 5.880277 5.359627 1.23751 0.5816942 0.390631 0.2923191 0.1549543 0.3971132 1.226452 1.452323 -1e+008 -1e+008 -1e+008 -1e+008 -1e+008 -1e+008 -1e+008 -1e+008 -1e+008 -1e+008 -1e+008 -9.999999e+007 8.056605 4.250356 5.708489 1.229789 0.191831 0.02833947 0.0253367 0.02599445 0.003118933 0.003121214 0.004501157 0.005041636 0.005339201 0.005457216 0.00549782 0.005813602 0.007702569 0.01431179 0.03723446 0.03462412 0.01937092 0.01111992 0.0101757 0.01297815 0.03476525 0.03098971 0.01650608 0.06910107 0.09215608 0.1067554 0.1668855 0.5365934
-9999 -9999 35.99845 4.337157 2.492696 -1e+008 -1e+008 -1e+008 -1e+008 -1e+008 -1e+008 -1e+008 -1e+008 -1e+008 3.32654 5.219454 3.577739 4.563716 3.022729 0.7329266 0.1557873 0.1548994 0.1488329 0.1100927 0.2646013 0.6198847 0.9706396 -1e+008 -1e+008 -1e+008 -1e+008 -1e+008 -1e+008 -1e+008 -1e+008 -1e+008 -1e+008 -1e+008 5.901057 7.381474 9.282475 5.262934 3.08637 0.07257272 0.03345713 0.03156734 0.007256509 0.003207955 0.003780086 0.005906149 0.005114802 0.005068544 0.005194924 0.005586339 0.005637176 0.006308145 0.008938 0.03116254 0.0357364 0.03568722 0.02318208 0.02421459 0.0211269 0.1084037 0.06430308 0.0546541 0.05100227 0.06463294 0.08414684 0.1156543 0.1850851
-9999 -9.999994e+007 -9.999995e+007 6.558736 0.7415518 -1e+008 -1e+008 -1e+008 -1e+008 -1e+008 -1e+008 -1e+008 -1e+008 -1e+008 -1e+008 5.960876 3.570085 5.214838 13.35222 10.35759 1.680687 0.8768294 0.2877735 0.1854432 0.1083101 0.703914 0.7584588 -1e+008 -1e+008 -1e+008 -1e+008 -1e+008 -1e+008 -1e+008 -1e+008 -1e+008 -1e+008 3.662472 4.079999 6.471278 12.39937 15.67993 9.093501 3.308479 0.4293621 0.0337372 0.01823364 0.01764685 0.006535356 0.006998269 0.005182994 0.005049715 0.005458849 0.005562763 0.005641601 0.006438173 0.008532886 0.02423999 0.03880444 0.06511308 0.07042517 0.07347792 0.07782818 0.1158041 0.09051098 0.08141065 0.1186049 0.1000474 0.1271459 0.1424947 0.2857601
0.716079 -9.999995e+007 -9.999998e+007 3.389736 1.087788 0.2626492 0.2641996 -1e+008 -1e+008 -1e+008 -1e+008 -1e+008 -1e+008 -1e+008 -1e+008 13.48971 8.375289 2.992258 2.659885 5.108294 2.668612 1.303783 0.5626298 1.027955 0.8777316 0.5493431 0.1455701 -1e+008 -1e+008 -1e+008 -1e+008 -1e+008 -1e+008 -1e+008 -1e+008 -1e+008 -1e+008 2.576643 4.071139 11.20052 17.94837 30.08327 21.95044 11.22964 5.80675 0.4881303 0.07948129 0.01711265 0.009654321 0.006718162 0.006847205 0.009136287 0.01127001 0.006724299 0.005568093 0.01666385 0.01105646 0.01205575 0.1003496 0.1253926 0.1094486 0.1372249 0.1353246 0.1749066 0.2030716 0.09787789 0.1030141 0.1379838 0.1944339 0.2446043 3.07604
0.4151644 4.821903 3.233137 0.1229028 0.1923035 0.7282299 1.076011 0.9169223 0.6247836 -1e+008 -1e+008 -1e+008 -1e+008 -1e+008 -1e+008 -9.999999e+007 28.19815 10.75767 2.589003 2.356029 1.217273 0.6782333 1.577087 1.603132 1.044281 1.029457 0.9939756 0.976033 -1e+008 -1e+008 -1e+008 -1e+008 -1e+008 -1e+008 0.8234125 0.4374065 0.5018052 3.44012 10.80411 13.59912 13.9266 12.93453 16.35357 27.48956 10.7635 6.312168 1.638072 0.3362048 0.04461922 0.01276371 0.008601461 0.01120235 0.0183339 0.03692615 0.04183594 0.04007914 0.07565297 0.07746982 0.2029135 0.0810499 0.05477273 0.07312035 0.08002491 0.09932797 0.1473676 0.1481742 0.0881943 0.08821782 0.1631657 0.66021 10.46264
0.1320113 0.8166136 0.5426955 0.1925747 0.2729563 0.6972467 1.168029 1.054496 0.4343172 0.2696819 -1e+008 -1e+008 -1e+008 -1e+008 -9.999995e+007 -9.999996e+007 1.410209 2.912732 4.219695 10.20571 5.9027 1.136682 1.149619 1.015798 1.138046 1.068188 1.074537 -1e+008 -1e+008 -1e+008 -1e+008 -1e+008 -1e+008 -1e+008 0.4622592 0.3410991 1.169833 5.097331 10.07659 6.363823 4.888981 6.320306 12.53325 19.97254 15.81399 9.046328 6.727445 2.329558 0.6859365 0.16829 0.02459736 0.02313943 0.03197267 0.04980447 0.1160998 0.2863565 0.3532404 0.3146724 1.098997 0.1386786 0.07619619 0.0848818 0.03500659 0.04491265 0.06449445 0.1399422 0.1024581 0.08983569 0.1966054 2.001625 14.49193
18.9891 0.4407395 1.155878 0.9298006 0.8442826 0.6971045 1.075421 0.8984239 0.8055457 0.6982927 0.4869864 0.2723019 0.6636715 1.070797 20.56412 29.11727 1.629365 0.3901433 1.538444 1.967232 2.826142 1.804251 1.030332 0.8408535 1.129606 0.9963176 0.6567398 0.6726585 0.5872953 0.20851 0.06701393 0.07313532 0.08183112 0.3241275 0.8143107 4.590174 4.425022 6.512638 2.950438 1.584202 1.904042 2.593161 8.247204 29.64441 104.0372 11.76313 11.08519 4.296294 2.450335 1.169767 1.271775 0.8010518 0.3484774 0.09625998 0.1064553 0.122337 0.1908629 0.1126205 0.1244119 0.1280458 0.06801598 0.3109585 0.3229518 0.1083194 -1e+008 -1e+008 0.225192 0.1608405 0.5899267 1.846141 1.98301
4.331733 0.06081041 0.5311227 1.266457 1.499056 1.259017 1.204922 0.9276911 0.9171284 0.9171284 1.401297 1.338977 1.336137 1.113388 1.113388 0.5451459 0.572603 0.246055 0.1223065 0.9480558 1.323234 1.052499 1.982224 2.802387 1.3901 0.562601 0.440671 0.4486609 0.6272824 0.6180819 0.1443914 0.09608893 0.1017207 0.2575366 4.967391 6.955833 4.515716 1.198707 0.9138669 1.158141 2.900407 4.413795 8.478928 10.7033 11.77141 12.58428 9.589122 9.230659 8.160397 7.280107 6.686755 3.104499 4.667376 1.098035 0.8005189 3.116282 0.4830554 0.3732849 0.6095186 0.3249238 0.8873954 2.749855 -9.999999e+007 -1e+008 -1e+008 -1e+008 0.5256752 0.6925026 1.133626 2.395712 3.584515
0.3937425 0.3317102 0.003567873 0.8987721 1.937474 1.980543 1.72304 0.9250993 0.9253154 2.272965 3.86323 3.35165 2.630704 2.195506 1.376384 1.123301 1.664353 18.86094 -1e+008 -9999 0.118705 0.3009167 0.7138627 -1e+008 1.428265 0.7666907 0.5650831 1.144998 0.4642121 0.4809652 0.2988623 0.2250895 0.1056815 0.2565868 3.003691 6.667534 3.124638 0.6134031 0.6896124 2.908233 4.454473 5.700045 9.74018 6.67294 6.359441 7.002592 7.113161 14.60416 10.38234 11.68223 15.41263 9.024608 8.950782 5.948549 5.334755 12.06706 12.33887 5.677659 7.696789 6.820421 2.957309 5.838231 -1e+008 -1e+008 -1e+008 -1e+008 1.172615 1.699332 6.215636 3.071085 4.524321
0.08172667 0.4167932 -9999 0.1572942 1.276558 2.092306 2.049612 1.439342 2.148058 3.971664 3.7108 3.089529 2.694229 2.694229 1.897681 1.132904 64.76775 -1e+008 -1e+008 -2e+008 -9999 -1e+008 -1e+008 -1e+008 0.1041175 0.2323246 0.3554802 0.6208938 0.4092662 0.2102884 0.1999311 0.1268485 0.1124386 0.3703206 6.377521 10.32158 5.82014 2.044885 2.203398 2.980127 4.044339 5.171515 4.904766 3.869981 2.568723 4.666448 3.917271 5.079071 10.36775 15.23278 11.19857 8.443031 10.09069 7.476099 9.563194 14.58997 12.58507 4.361108 4.684617 2.238142 2.261775 -1e+008 -1e+008 -1e+008 -1e+008 -1e+008 1.725989 3.480448 2.095456 22.57979 4.150066
0.4252685 0.01247751 0.007028886 -9999 0.9036433 2.094704 2.111672 2.085669 2.154648 3.094519 2.763567 2.717155 2.667968 2.671744 2.389105 1.255324 0.6321632 -1e+008 -2e+008 -1e+008 -1e+008 -1e+008 -1e+008 -9.999999e+007 0.02820794 -9999 -9999 -9999 -9999 -9999 -9999 -9999 -9999 3.900455 24.22407 4.041316 2.523471 1.177956 4.796018 8.09928 5.851958 5.43865 4.01297 3.952824 3.000338 3.276747 3.062004 3.757014 5.1414 3.361001 3.967827 5.810485 7.080607 6.089882 13.32451 17.41047 13.56977 14.35024 12.51882 7.428699 -9.999999e+007 -1e+008 -1e+008 -1e+008 -1e+008 -1e+008 2.260515 1.933774 1.320687 4.463904 3.022516
0.01224173 0.0210682 0.07114926 -9999 -9999 1.669937 3.107695 2.05719 5.150493 3.620504 2.737203 2.737203 2.637572 2.684875 2.704653 1.584764 1.135892 1.151005 -1e+008 -1e+008 -1e+008 -1e+008 -1e+008 3.122619 9.290311 15.09171 0.05145934 -9999 -9999 -9999 -9999 -9999 -9999 -9999 0.02104277 0.4978263 1.402096 1.601858 4.039835 26.374 11.65134 7.148582 5.43049 4.23496 6.085195 3.699568 4.439368 4.551351 2.813566 3.237408 2.928272 4.896437 11.13947 18.12039 17.01666 23.59164 10.95233 30.74446 11.96248 1.921578 -1e+008 -1e+008 -1e+008 -1e+008 -1e+008 -1e+008 -1e+008 1.037413 1.252443 2.256932 3.017825
0.0003159193 0.01047083 0.01045076 0.01034284 -9999 0.2037443 8.132488 6.123146 8.405546 8.288033 4.263702 2.757616 2.724118 2.742257 2.757616 1.388615 1.159588 1.159588 1.158435 -1e+008 -1e+008 -1e+008 -1e+008 0.909201 2.641666 1.957123 2.643367 -9999 -9999 -9999 -9999 -9999 -9999 -9999 -9999 0.1013652 3.785072 9.944415 8.209235 23.10083 22.99412 6.948338 6.160669 4.696175 3.014724 3.344206 3.389659 2.187203 3.018298 5.249259 3.546232 4.363618 4.994884 10.18828 22.29299 65.29352 7.729897 13.52898 10.18853 -9.999999e+007 -1e+008 -1e+008 -1e+008 -1e+008 -1e+008 -1e+008 -1e+008 1.15896 0.784205 0.5627781 0.9927403
