data/raw/spatialecon-gecon-v4-gis-ascii/GIS data ASCII/PPP2005/ppp2005sum.asc
ncols         360
nrows         140
xllcorner     -180.0
yllcorner     -56.0
cellsize      1
NODATA_value  -9999
[rows 62 to 92 of 140, columns 142 to 212 of 360]
-9999 -9999 -9999 -9999 -9999 -9999 -9999 -9999 -9999 -9999 -9999 -9999 -9999 -9999 -9999 -9999 -9999 -9999 -9999 -9999 0.0004602853 0.04393799 0.03650316 0.02975541 0.01605785 0.007920912 0.0007858462 0.0008406601 0.0009043766 0.0009035967 0.0009483704 0.001391749 0.003056413 0.003963851 0.003963851 0.003963851 0.003963851 0.005629171 0.0343838 0.06625998 0.02932909 0.02260991 0.02260991 0.02260991 0.02211406 0.02144023 0.01586245 0.008704439 0.008098345 0.0003470604 0.0003541185 0.0003541185 0.0003541185 0.002672505 0.003697696 0.003697696 0.003697696 0.005736168 0.01029284 0.01274163 0.01273723 0.01273723 0.01273723 0.008465601 0.008465515 0.008465515 0.008465515 0.008465535 0.008437231 0.008284272 0.0666716
-9999 -9999 -9999 -9999 -9999 -9999 -9999 -9999 -9999 -9999 -9999 -9999 -9999 -9999 -9999 -9999 -9999 -9999 -9999 -9999 0.000989439 0.05468048 0.03595877 0.01059 0.02565137 0.007869437 0.0009120447 0.0009110229 0.0009096959 0.0009096959 0.001131403 0.001325495 0.002078694 0.00496039 0.003990551 0.003990164 0.005040451 0.003687656 0.003392121 0.0296181 0.02965824 0.02276221 0.02276221 0.02276221 0.02074519 0.01060032 0.008259633 0.007886051 0.008255125 0.000360255 0.0003565024 0.0003565024 0.0003565024 0.001098752 0.003722602 0.003722602 0.003722602 0.003722602 0.003722602 0.005798664 0.01040776 0.01283932 0.01282301 0.009095244 0.008728146 0.008522524 0.008522524 0.008522524 0.008522524 0.008522524 0.06809647
-9999 -9999 -9999 -9999 -9999 -9999 -9999 -9999 -9999 -9999 -9999 -9999 -9999 -9999 -9999 -9999 -9999 -9999 -9999 -9999 -9999 0.01459859 0.005513094 0.009377464 0.013771 0.008351553 0.008133024 0.0005143606 0.000499654 0.0006158356 0.001285736 0.001295187 0.001960974 0.00652316 0.004820544 0.002966491 0.003085114 0.003410136 0.003343111 0.003413589 0.00358993 0.0190051 0.02152411 0.01991136 0.008953524 0.007993017 0.008325432 0.008327967 0.008327967 0.0003733712 0.003476745 0.004461102 0.0003587762 0.001390314 0.003746362 0.003746362 0.003746362 0.003746362 0.003746362 0.003746362 0.003746362 0.006004085 0.03629136 0.03629136 0.03142516 0.0335158 0.04480729 0.04467942 0.04454951 0.04442133 0.07820396
-9999 -9999 -9999 -9999 -9999 -9999 -9999 -9999 -9999 -9999 -9999 -9999 -9999 -9999 -9999 -9999 -9999 -9999 -9999 -9999 -9999 0.3399737 1.24229 0.02071464 0.02159436 0.03079516 0.01933802 0.000617224 0.0003659468 0.0009112135 0.001302996 0.001302996 0.001891056 0.01764584 0.007210082 0.002822144 0.002581412 0.006424429 0.005927613 0.003448455 0.003650951 0.003633989 0.01000089 0.01525878 0.006935207 0.007907076 0.008378181 0.008378193 0.008380281 0.0003908366 0.005103209 0.007072509 0.0003690613 0.001776311 0.003768974 0.003768974 0.003383694 0.003627624 0.003768974 0.003691857 0.003768974 0.003768974 0.03651191 0.03651191 0.02979484 0.04338872 0.06941848 0.06941848 0.06937968 0.06941848 0.09264823
-9999 -9999 -9999 -9999 -9999 -9999 -9999 -9999 -9999 -9999 -9999 -9999 0.09853253 0.0027222 -9999 -9999 -9999 -9999 -9999 -9999 -9999 0.05307668 0.3346045 0.04026627 0.05265646 0.05411296 0.06062829 0.01253954 0.01258843 0.007216253 0.001356111 0.001310417 0.001928075 0.01673403 0.01976911 0.00636606 0.02086336 0.02149278 0.01924803 0.0113647 0.007835694 0.007729628 0.008879102 0.01298885 0.01117468 0.01365744 0.01516723 0.01530791 0.01521078 0.001521837 0.0008066295 0.0009863334 0.0009883412 0.002289153 0.003758032 0.003442357 0.003208115 0.003636956 0.003781371 0.003703 0.003704727 0.003790421 0.0367185 0.03444104 0.02618986 0.04381203 0.06981394 0.06981394 0.06825881 0.06981394 0.1951968
-9999 -9999 -9999 -9999 -9999 -9999 -9999 -9999 -9999 -9999 -9999 -9999 0.07814042 0.1602995 -9999 0.06984936 -9999 -9999 -9999 -9999 -9999 0.3605441 0.3603047 0.3189087 0.258716 0.1781539 0.1861541 0.07482079 0.07787233 0.1145733 0.08390919 0.04908122 0.02333299 0.03273966 0.3390564 0.05804463 0.05467784 0.09517489 0.1290967 0.01876891 0.007823746 0.00753171 0.00879671 0.009586297 0.01334552 0.01384765 0.01492118 0.01285965 0.006210582 0.004301496 0.0009927186 0.0009927186 0.003310454 0.02596196 0.01490099 0.003803521 0.003086688 0.004507019 0.003639398 0.003646203 0.003781908 0.003769061 0.0346985 0.02979627 0.03233761 0.06217295 0.07357707 0.07443622 0.07319243 1.874136 4.265395
-9999 -9999 -9999 -9999 -9999 -9999 -9999 -9999 -9999 -9999 -9999 -9999 -9999 0.0118606 0.558648 0.0007499906 -9999 -9999 -9999 -9999 0.008785751 1.347972 0.3878547 0.2179019 0.2644383 0.3156922 0.1526337 0.1442984 0.237727 0.1322067 0.1146214 0.101 0.03295008 0.1281386 0.2080525 0.07658414 0.05108734 0.03099122 0.04507371 0.03924024 0.04252352 0.08238705 0.02466944 0.03377989 0.01701174 0.01441114 0.02030598 0.01345366 0.004266323 0.003902096 0.0009518193 0.00152503 0.02884865 0.03767058 0.03767058 0.03282049 0.03042054 0.05903701 0.03793041 0.05566184 0.05328722 0.02802208 0.03585839 0.03169336 0.02816013 0.05768418 0.05836523 0.05836523 0.05836523 0.233529 16.11872
-9999 -9999 -9999 -9999 -9999 -9999 -9999 -9999 -9999 -9999 -9999 -9999 -9999 0.1092971 0.1874442 -9999 -9999 -9999 -9999 -9999 5.47593 3.552621 1.305759 0.3169231 0.2226133 0.2727105 0.2239769 0.1358292 0.1283917 0.08575404 0.09820744 0.1288731 0.1798783 0.36268 0.3543917 0.1849334 0.2069374 0.2432932 0.1913256 0.2699064 0.2071504 0.2006773 0.2536673 0.5592418 0.4158354 0.4089144 0.2669161 0.1516198 0.04789057 0.01818009 0.00311917 0.04699313 0.05925478 0.03782883 0.03266676 0.04532414 0.07884905 0.07766049 0.06764553 0.0637177 0.2708923 0.2204866 0.07315956 0.04438717 0.0282922 0.07335931 0.05916335 0.1076405 0.2232718 0.4022456 1.668188
-9999 -9999 -9999 -9999 -9999 -9999 -9999 -9999 -9999 -9999 -9999 -9999 -9999 -9999 -9999 -9999 -9999 -9999 -9999 -9999 -9999 1.659948 1.084934 0.6897839 0.3028695 0.1176899 0.0704923 0.07195283 0.1114231 0.2580699 0.5114168 0.5658265 0.4975901 0.410069 0.3478359 0.9549652 1.015279 0.6693009 0.3048525 0.2852535 0.423043 0.3645811 0.6035167 2.628218 1.134352 1.457901 1.209634 0.4155775 0.3975608 0.3069651 0.2142351 0.2391332 0.1062569 0.1115516 0.04352576 0.06929655 0.07830327 0.07841922 0.08457731 0.4327795 0.5622237 0.343524 0.3746477 0.4116066 0.188578 0.3347736 0.3476766 0.5550446 0.8795065 0.8555876 1.234268
-9999 -9999 -9999 -9999 -9999 -9999 -9999 -9999 -9999 -9999 -9999 -9999 -9999 -9999 -9999 -9999 -9999 -9999 -9999 -9999 -9999 0.8371565 0.8331066 0.4364439 0.2561098 0.1739678 0.1613968 0.08123513 0.1401382 1.220452 0.582316 0.3241785 0.7133671 0.4857601 0.5486348 1.062208 2.131963 1.007688 0.3077737 0.177489 0.1788805 0.5735279 2.273149 1.743651 1.996408 4.360422 5.665419 3.403698 2.199576 0.5828103 0.4919094 0.6528556 2.468328 0.2301174 0.2291575 0.1166064 0.07453912 0.07136117 0.08614049 0.1149382 0.3423523 0.2960828 0.4577225 0.4646559 0.1995714 0.3969553 0.3928672 0.4478956 0.5440625 0.4989918 0.7302589
-9999 -9999 -9999 -9999 -9999 -9999 -9999 -9999 -9999 -9999 -9999 -9999 -9999 -9999 -9999 -9999 -9999 -9999 -9999 -9999 -9999 0.02539032 0.2838432 0.2748455 0.2521734 0.7292834 0.3417882 0.1670785 0.2469671 0.3231993 0.3105576 0.4391719 0.600366 0.9129503 0.5103601 0.474732 0.4914297 1.061382 0.4062089 0.2868514 0.3641347 0.6459411 1.473895 1.176911 1.424887 5.008677 8.548851 3.11506 2.580939 1.123251 0.5043569 2.49338 1.299702 0.2974736 0.2303466 0.1401334 0.06964647 0.04433062 0.2235934 0.05653387 0.1134573 0.2312828 0.2867927 0.3350165 0.188205 0.3021637 0.1180747 0.1116177 0.1149116 0.06333736 0.1383183
-9999 -9999 -9999 -9999 -9999 -9999 -9999 -9999 -9999 -9999 -9999 -9999 -9999 -9999 -9999 -9999 -9999 -9999 -9999 -9999 -9999 -9999 0.005519235 0.2764275 0.4743535 0.5871245 0.3604676 0.1766039 0.1947588 0.2383905 0.1697429 0.3377713 0.4749598 0.3325271 0.3579687 0.5200812 0.4491194 1.06197 0.7231691 0.5644767 0.3748938 0.3370856 0.5998605 0.8388643 0.8037884 3.645192 2.002415 1.257563 1.3301 2.185008 1.274194 2.831887 2.449417 1.287155 0.295991 0.1764007 0.09664603 0.09139327 0.03794419 0.02919385 0.01354871 0.1614369 0.1663393 0.111167 0.2052321 0.1237404 0.05449479 0.2011033 0.1517993 0.06122893 0.0713288
-9999 -9999 -9999 -9999 -9999 -9999 -9999 -9999 -9999 -9999 -9999 -9999 -9999 -9999 -9999 -9999 -9999 -9999 -9999 -9999 -9999 -9999 -9999 0.0001314796 1.317794 0.4576959 0.1770247 0.2413259 0.3098121 0.2886767 0.2686391 0.3523344 0.8576155 0.1885425 0.2097657 0.2638066 0.2616014 0.8968163 0.4526055 0.8747367 0.4917823 0.4166636 0.3962844 0.8748516 1.268262 1.510089 2.944648 2.505127 0.8537807 1.751134 1.526339 1.091831 0.925478 1.163578 0.4266636 0.7067145 0.6058095 0.1912615 0.02875512 0.00802079 0.00633385 0.0678242 0.09331542 0.01227923 0.1076193 0.1278089 0.1972542 0.1613868 0.123527 0.1091933 0.1751562
-9999 -9999 -9999 -9999 -9999 -9999 -9999 -9999 -9999 -9999 -9999 -9999 -9999 -9999 -9999 -9999 -9999 -9999 -9999 -9999 -9999 -9999 -9999 -9999 0.6653703 0.6252739 0.4841584 0.72102 0.4511637 0.4225775 0.2867478 0.3863924 0.4312574 0.2414526 0.399187 0.4995186 0.2748992 0.3844967 0.5095005 0.4394797 0.5950299 1.732825 3.590773 1.268599 1.010642 1.043595 1.693413 1.437642 0.6469908 1.002407 0.7083796 0.3033699 0.1689237 0.5001549 0.9183315 0.240251 0.2054157 0.01388629 0.005569006 0.006707686 0.00594507 0.02414686 0.01828466 0.01231322 0.06859537 0.1897911 0.4398509 0.1961857 0.1366238 0.1572413 0.1926104
-9999 -9999 -9999 -9999 -9999 -9999 -9999 -9999 -9999 -9999 -9999 -9999 -9999 -9999 -9999 -9999 -9999 -9999 -9999 -9999 -9999 -9999 -9999 -9999 0.000329779 0.1535004 0.5560833 0.1064766 0.1932798 0.7732627 1.190519 1.219832 1.317721 1.050936 0.7111345 1.26734 1.087649 0.3716851 0.8301322 0.9692225 1.684501 6.877954 7.777726 5.913021 3.295539 2.614081 2.472404 1.882757 0.7446103 0.2962606 0.2221259 0.3086473 0.2006851 0.1628323 0.1518152 0.06435311 0.03703512 0.03083579 0.004246767 0.01742359 0.01077492 0.002416511 0.001244067 0.007684784 0.0410916 0.07551795 0.147227 0.1962378 0.1856301 0.1956929 0.1415874
-9999 -9999 -9999 -9999 -9999 -9999 -9999 -9999 -9999 -9999 -9999 -9999 -9999 -9999 -9999 -9999 -9999 -9999 -9999 -9999 -9999 -9999 -9999 -9999 -9999 -9999 0.082596 0.2502932 0.1205602 0.6046456 1.149393 1.852036 1.868149 0.9441474 1.095585 1.187396 4.000885 1.733896 1.480096 3.14853 4.847624 18.40628 2.307662 3.425744 6.556487 7.85363 3.598129 1.921326 2.075549 0.6677547 0.1956093 0.3057611 0.2699953 0.1001348 0.05344675 0.06802203 0.03214474 0.04931169 0.01586373 0.02233558 0.01681818 0.002891202 0.00284368 0.0006790601 0.0348575 0.05480265 0.1176592 0.1725699 0.1898372 0.2046406 0.1023935
-9999 -9999 -9999 -9999 -9999 -9999 -9999 -9999 -9999 -9999 -9999 -9999 -9999 -9999 -9999 -9999 -9999 -9999 -9999 -9999 -9999 -9999 -9999 -9999 -9999 -9999 -9999 0.01372269 0.08658603 0.1228796 0.3518108 1.957186 1.103821 4.307283 3.802037 1.055808 1.957556 6.110098 0.4663801 0.007421108 -9999 -9999 5.514472 9.988654 9.828423 11.43565 1.918642 1.97339 5.155526 0.5576162 0.344534 0.1840552 0.1344993 0.06155217 0.04238389 0.04768258 0.02352063 0.05449152 0.08592407 0.0643418 0.01178213 0.02400868 0.006497574 0.01098274 0.008892697 0.03948479 0.06726842 0.05826801 0.05140249 0.09504523 0.09030663
-9999 -9999 -9999 -9999 -9999 -9999 -9999 -9999 -9999 -9999 -9999 -9999 -9999 -9999 -9999 -9999 -9999 -9999 -9999 -9999 -9999 -9999 -9999 -9999 -9999 -9999 -9999 -9999 0.0006697673 0.02703655 0.3763165 0.4268789 0.000211809 -9999 -9999 0.1243259 0.3419032 -9999 -9999 -9999 -9999 -9999 -9999 3.279058 12.97749 8.39193 2.729851 3.065843 0.9727583 1.499179 0.4236815 0.2094697 0.2402517 0.09556297 0.06873605 0.06262131 1.113561 0.04628139 0.05953788 0.06866018 0.04419322 0.02140992 0.01262903 0.006816072 0.005728537 0.01848052 0.04541321 0.03067395 0.1738814 0.1121294 0.08818161
-9999 -9999 -9999 -9999 -9999 -9999 -9999 -9999 -9999 -9999 -9999 -9999 -9999 -9999 -9999 -9999 -9999 -9999 -9999 -9999 -9999 -9999 -9999 -9999 -9999 -9999 -9999 -9999 -9999 -9999 -9999 -9999 -9999 -9999 -9999 -9999 -9999 -9999 -9999 -9999 -9999 -9999 -9999 -9999 -9999 -9999 3.89666 2.12033 0.8927663 2.715556 0.3453268 0.1683542 0.1490822 0.06425031 0.0343402 0.05760123 0.07108019 0.1399119 0.08134872 0.04268402 0.05189179 0.02396678 0.01602901 0.02428868 0.02461232 0.03031622 0.02030675 0.03841842 0.6493637 0.8403319 0.3576872
-9999 -9999 -9999 -9999 -9999 -9999 -9999 -9999 -9999 -9999 -9999 -9999 -9999 -9999 -9999 -9999 -9999 -9999 -9999 -9999 -9999 -9999 -9999 -9999 -9999 -9999 -9999 -9999 -9999 -9999 -9999 -9999 -9999 -9999 -9999 -9999 -9999 -9999 -9999 -9999 -9999 -9999 -9999 -9999 -9999 -9999 -9999 0.4183836 1.58089 1.149446 0.2282465 0.1786816 0.1138242 0.08841153 0.04787087 0.04745845 0.08282909 0.09363411 0.07857067 0.07412964 0.1030216 0.03738219 0.0195934 0.02356129 0.02600984 0.09443738 0.05442289 0.05404082 0.6119417 0.5269181 1.248937
-9999 -9999 -9999 -9999 -9999 -9999 -9999 -9999 -9999 -9999 -9999 -9999 -9999 -9999 -9999 -9999 -9999 -9999 -9999 -9999 -9999 -9999 -9999 -9999 -9999 -9999 -9999 -9999 -9999 -9999 -9999 -9999 -9999 -9999 -9999 -9999 -9999 -9999 -9999 -9999 -9999 -9999 -9999 -9999 -9999 -1e+008 -9999 3.035946 3.881915 2.66931 0.3842514 0.1274192 0.07774138 0.05475092 0.04334687 0.05381553 0.02145723 0.02254499 0.02681252 0.02733055 0.02382064 0.02419216 0.02662881 0.01755081 0.009413562 0.03622907 0.01900399 0.08814503 0.3449616 0.6739163 0.5540697
-9999 -9999 -9999 -9999 -9999 -9999 -9999 -9999 -9999 -9999 -9999 -9999 -9999 -9999 -9999 -9999 -9999 -9999 -9999 -9999 -9999 -9999 -9999 -9999 -9999 -9999 -9999 -9999 -9999 -9999 -9999 -9999 -9999 -9999 -9999 -9999 -9999 -9999 -9999 -9999 -9999 -9999 -9999 -9999 -1e+008 -9999 -9999 7.701996 0.3606078 0.2605421 0.2463398 0.2563781 0.07997393 0.07432702 0.05565514 0.05130596 0.02610598 0.02183276 0.02186924 0.02417984 0.02716235 0.03758373 0.06142734 0.1417862 0.00829483 0.0117894 0.1279806 0.6067997 1.780159 1.189469 4.130057
-9999 -9999 -9999 -9999 -9999 -9999 -9999 -9999 -9999 -9999 -9999 -9999 -9999 -9999 -9999 -9999 -9999 -9999 -9999 -9999 -9999 -9999 -9999 -9999 -9999 -9999 -9999 -9999 -9999 -9999 -9999 -9999 -9999 -9999 -9999 -9999 -9999 -9999 -9999 -9999 -9999 -9999 -9999 -9999 -9999 -9999 0.1366035 1.169114 0.4902437 0.2243536 0.3135505 0.2647958 0.1701046 0.1932945 0.1373789 0.05187766 0.07689656 0.02389052 0.03050769 0.03630799 0.03156885 0.02788708 0.01867655 0.0150264 0.01541474 0.01396399 0.07992703 0.7377799 2.093503 1.553611 0.05908363
-9999 -9999 -9999 -9999 -9999 -9999 -9999 -9999 -9999 -9999 -9999 -9999 -9999 -9999 -9999 -9999 -9999 -9999 -9999 -9999 -9999 -9999 -9999 -9999 -9999 -9999 -9999 -9999 -9999 -9999 -9999 -9999 -9999 -9999 -9999 -9999 -9999 -9999 -9999 -9999 -9999 -9999 -9999 0.07492574 -9999 -9999 0.01366187 0.6430681 0.3905919 0.412657 0.4687537 1.171293 0.1601101 0.2208375 0.1511268 0.0375394 0.03706163 0.02352698 0.006598299 0.01230237 0.0299942 0.02650548 0.0187367 0.01681904 0.01843858 0.02401433 0.2449992 2.959842 1.93136 0.6485069 0.01041988
-9999 -9999 -9999 -9999 -9999 -9999 -9999 -9999 -9999 -9999 -9999 -9999 -9999 -9999 -9999 -9999 -9999 -9999 -9999 -9999 -9999 -9999 -9999 -9999 -9999 -9999 -9999 -9999 -9999 -9999 -9999 -9999 -9999 -9999 -9999 -9999 -9999 -9999 -9999 -9999 -9999 -9999 -9999 -9999 -9999 -9999 -9999 0.05749386 0.3789224 0.5507151 0.2893452 0.2747627 0.1715459 0.116915 0.092671 0.03604745 0.05120935 0.01885976 0.01039279 0.009760184 0.01929847 0.03234624 0.03435694 0.02796688 0.03976604 0.0334627 0.5983251 3.019081 1.618425 0.5701126 0.7095634
-9999 -9999 -9999 -9999 -9999 0.01200017 -9999 -9999 -9999 -9999 -9999 -9999 -9999 -9999 -9999 -9999 -9999 -9999 -9999 -9999 -9999 -9999 -9999 -9999 -9999 -9999 -9999 -9999 -9999 -9999 -9999 -9999 -9999 -9999 -9999 -9999 -9999 -9999 -9999 -9999 -9999 -9999 -9999 -9999 -9999 -9999 -9999 -9999 0.07533564 0.3390233 0.4884864 0.3432625 0.2634496 2.787132 0.03183939 0.07513868 0.06853025 0.02136488 0.01118045 0.0132608 0.02824623 0.1233383 0.04048386 0.01538054 0.06058179 0.04505562 0.1763337 1.084804 0.6685055 0.4863728 0.66576
0.9651375 0.08140809 -9999 -9999 -9999 -9999 -9999 -9999 -9999 -9999 -9999 -9999 -9999 -9999 -9999 -9999 -9999 -9999 -9999 -9999 -9999 -9999 -9999 -9999 -9999 -9999 -9999 -9999 -9999 -9999 -9999 -9999 -9999 -9999 -9999 -9999 -9999 -9999 -9999 -9999 -9999 -9999 -9999 -9999 -9999 -9999 -9999 -9999 -9999 1.262023 1.807816 0.7883824 0.6480266 4.526155 0.09084079 0.08614339 0.2206374 0.137863 0.05210631 0.0573108 0.06101463 0.04445267 0.03889589 0.01480662 0.0665363 0.02839675 0.06000527 0.407772 0.9835716 0.3942151 0.4284557
2.152187 1.190255 7.171316 -9999 -9999 -9999 -9999 -9999 -9999 -9999 -9999 -9999 -9999 -9999 -9999 -9999 -9999 -9999 -9999 -9999 -9999 -9999 -9999 -9999 -9999 -9999 -9999 -9999 -9999 -9999 -9999 -9999 -9999 -9999 -9999 -9999 -9999 -9999 -9999 -9999 -9999 -9999 -9999 -9999 -9999 -9999 -9999 -9999 -9999 3.156153 1.931128 0.312743 0.2240589 0.2387943 0.1301471 0.08807769 0.1323341 0.1104142 0.07799144 0.08156946 0.2287713 0.1226587 0.05129818 0.03758467 0.07800467 0.05930015 0.04997122 0.1481291 0.457929 0.3163629 0.250317
0.902139 0.8448365 2.281136 0.3143587 -9999 -9999 -9999 -9999 -9999 -9999 -9999 -9999 -9999 -9999 -9999 -9999 -9999 -9999 -9999 -9999 -9999 -9999 -9999 -9999 -9999 -9999 -9999 -9999 -9999 -9999 -9999 -9999 -9999 -9999 -9999 -9999 -9999 -9999 -9999 -9999 -9999 -9999 -9999 -9999 -9999 -9999 -9999 -9999 -9999 0.07520019 0.4934808 0.3275629 0.5229524 0.8320546 0.6541806 0.04780511 0.03466586 0.0608737 0.1332697 0.1235344 0.1369678 0.5632602 0.1504659 0.05772717 0.0435711 0.04096195 0.04804995 0.1184608 0.2754217 0.1952874 0.2159765
0.859835 0.9971747 5.321702 11.26859 -9999 -9999 -9999 -9999 -9999 -9999 -9999 -9999 -9999 -9999 -9999 -9999 -9999 -9999 -9999 -9999 -9999 -9999 -9999 -9999 -9999 -9999 -9999 -9999 -9999 -9999 -9999 -9999 -9999 -9999 -9999 -9999 -9999 -9999 -9999 -9999 -9999 -9999 -9999 -9999 -9999 -9999 -9999 -9999 -9999 -9999 1.520682 0.3426157 0.7559672 0.8323766 0.737965 0.1735273 0.03533952 0.1031725 0.1659844 0.1391969 0.0786092 0.1259269 0.04551727 0.04949079 0.07919923 0.06045556 0.04392717 0.06121227 0.1683109 0.3643538 0.08758424
0.513918 2.390064 9.219998 12.16265 -9999 -9999 -9999 -9999 -9999 -9999 -9999 -9999 -9999 -9999 -9999 -9999 -9999 -9999 -9999 -9999 -9999 -9999 -9999 -9999 -9999 -9999 -9999 -9999 -9999 -9999 -9999 -9999 -9999 -9999 -9999 -9999 -9999 -9999 -9999 -9999 -9999 -9999 -9999 -9999 -9999 -9999 -9999 -9999 -9999 1.057582 0.3901868 4.580312 0.6628363 0.8776964 0.6495638 0.4322248 0.1698385 0.1708331 0.1676814 0.1376864 0.02184855 0.02762313 0.02963657 0.04466575 0.0790826 0.04059876 0.03655138 0.1487688 0.09622542 0.6172503 0.443806
