data/raw/spatialecon-gecon-v4-gis-ascii/GIS data ASCII/PPP2005/ppp2005sum.asc
ncols         360
nrows         140
xllcorner     -180.0
yllcorner     -56.0
cellsize      1
NODATA_value  -9999
[rows 31 to 61 of 140, columns 71 to 141 of 360]
0.8992395 0.463701 10.00318 0.4383438 0.4978217 0.225889 0.1215136 0.06406412 0.07061594 0.008753948 0.009393475 0.0274036 0.04507966 0.04473498 0.03350567 0.01214575 0.01145912 0.02015264 0.005884301 0.01997436 0.01577592 0.02690272 0.006172495 0.006020922 0.006172495 0.006172495 0.05200168 0.05783529 6.648542e-006 1.408502e-006 0.04808722 0.00163689 0.001406256 0.001656055 0.001658906 0.001658906 0.001658906 0.001660891 0.0009748493 0 0 0.107058 0.358265 0.002176315 0.001992718 0.002522168 0.003109251 0.003175175 0.003142215 0.003320809 0.003362133 0.003508449 0.03464877 0.01225522 -9999 -9999 -9999 -9999 -9999 -9999 -9999 -9999 -9999 -9999 -9999 -9999 -9999 -9999 -9999 -9999 -9999
0.2188839 0.3374105 0.2945478 0.5202588 0.4491406 0.3792548 1.050613 0.2782226 0.3436253 0.1542349 0.1265423 0.1708484 0.04172512 0.0216512 0.006261287 0.1411393 0.006194098 0.01862409 0.04135088 0.01233738 0.01507356 0.04344931 0.01001412 0.01460146 0.006523575 0.006813984 0.007259652 0.007303006 0.1077895 0.001491557 0.04863604 0.001691187 0.0163015 0.001696476 0.001696476 0.001455357 0.001635956 0.001459827 1.888571e-005 0.0002206496 0.0001831569 0.000839742 0.0009582443 0.0001642399 0.0004927071 0 0 0 0 0.00486867 0.03929111 0.03774237 0.07905632 0.08069764 -9999 -9999 -9999 -9999 -9999 -9999 -9999 -9999 -9999 -9999 -9999 -9999 -9999 -9999 -9999 -9999 -9999
0.1710939 0.6607768 0.1326702 1.43803 7.405648 0.7693447 0.8031991 0.3713797 0.3008907 0.5134058 0.2298663 1.115296 1.690109 0.1287535 0.03424853 0.0930848 0.02720775 0.1163776 0.02812103 0.02693781 0.0193191 0.02284147 0.04267287 0.007462403 0.007462403 0.007462403 0.007462403 0.007462403 0.007296264 0.004497722 0.001733377 0.001665908 0.001601207 0.001733377 0.03183005 0.06283697 0.0007124958 0.002071064 2.433502e-005 0.0003990628 0.0004094237 0.02304302 1.260743 0.02968283 0.0287425 0.06758464 0.01070425 0.02542067 0.0260029 0.01445253 0.001194837 0.0907365 0.09348789 0.005411795 -9999 -9999 -9999 -9999 -9999 -9999 -9999 -9999 -9999 -9999 -9999 -9999 -9999 -9999 -9999 -9999 -9999
0.159713 0.1187119 0.1497428 0.2696701 0.206444 0.7844957 0.8326953 0.2382502 0.4716351 1.321656 1.32971 22.22541 2.628259 0.1237294 0.5791669 0.06349386 0.2801047 0.06448715 0.02296355 0.02930157 0.0793846 0.03375198 0.2060623 0.1433754 0.09705464 0.2456051 0.4286539 0.2489746 0.0252826 0.009885743 0.001761306 0.1261694 0.06222011 0.03029452 0.3077406 2.707874e-005 0.03942407 0.002546246 1.543424e-005 0.0001486767 0.7214709 0.07290511 0.1672214 0.08510493 0.0814632 0.003690707 0.003927907 0.0005954295 -9999 -9999 0.1210629 0.3207192 0.2515646 0.5677236 0.4619707 0.09084038 -9999 -9999 -9999 -9999 -9999 -9999 -9999 -9999 -9999 -9999 -9999 -9999 -9999 -9999 -9999
0.1535133 0.08882308 0.2452773 0.2795887 0.2342514 0.8361807 0.2827872 2.469762 0.4936068 0.5654491 0.7138793 0.9995078 1.032601 0.8048855 0.276422 0.94761 0.1184744 0.1682051 0.04793341 4.689059 0.1720227 0.1484978 0.2145999 0.06694937 0.1302741 0.04182853 0.03071666 1.176165 0.614954 1.538094 1.436697 1.001154 0.00407398 0.002750631 0.04382601 0.0009678007 1.627142 3.688774 0.9243467 0.3574754 1.744269 1.019925 0.5507021 0.4192146 0.563705 -9999 -9999 -9999 -9999 0.04368979 0.3830664 0.3233695 0.03827047 0.2354951 0.4034092 0.6167594 0.05185014 -9999 -9999 -9999 -9999 -9999 -9999 -9999 -9999 -9999 -9999 -9999 -9999 -9999 -9999
0.05069865 0.0285095 0.04180755 0.07542825 0.5861016 0.1886168 0.3270193 0.779896 0.3877367 0.5273061 0.4179626 3.296281 1.500701 1.01211 1.529476 1.569758 2.754026 0.8499283 0.2068898 0.01554343 0.8942478 0.006240524 0 0.001878552 0.09781995 0.1430295 0.04532803 0.05195199 0.08813841 0.8537302 0.1111161 0.2281317 0.005004703 0.001129906 0.04568281 0.02104592 0.4797498 0.365165 1.246879 1.43585 1.650111 0.6222739 0.516944 1.833715 0.7215647 -9999 0.00434487 0.288773 0.002648758 0.09313695 0.05869102 0.04598887 -9999 0.4002872 0.133449 2.212318 5.062871 -9999 -9999 -9999 -9999 -9999 -9999 -9999 -9999 -9999 -9999 -9999 -9999 -9999 -9999
0.3889309 0.1982206 0.1836252 0.3289567 0.1441865 0.2543631 0.9941301 0.3405458 3.851947 0.3580741 1.374238 1.078138 7.727186 2.794221 3.122003 1.227689 6.376477 1.126155 1.150139 0.6934691 0.8087712 2.127475 0.3639731 0.3464057 3.635952 0.329533 0.646006 1.65153 2.555943 2.139206 0.1658373 0.1597034 0.1643104 0.9728999 1.269446 3.511467 7.348453 22.76054 3.089296 0.08674596 0.7177026 2.617143 0.8872427 1.152295 3.936565 3.086172 0.5838519 0.1491976 1.224332 0.1833864 -9999 -9999 -9999 0.06068636 0.02367605 0.1409615 0.02126832 -9999 -9999 -9999 -9999 -9999 -9999 -9999 -9999 -9999 -9999 -9999 -9999 -9999 -9999
4.886114 0.2683123 0.2180181 0.05308434 0.04596709 0.0869133 0.1590756 0.1684135 0.3738819 0.4272664 2.031139 0.8211145 1.178191 3.591002 9.191469 57.832 10.55821 3.032302 1.64255 4.024527 1.819433 3.429434 0.3007793 1.402177 2.902301 1.081169 0.1290649 0.2958319 0.3662219 1.852311 0.4376485 1.503798 4.643935 26.49104 9.624161 110.6855 11.25558 5.520009 0.7886246 0.7025193 1.162373 0.9433064 4.911687 1.957168 1.949488 2.189247 1.381887 0.5920102 0.9843831 0.09727893 -9999 -9999 -9999 -9999 -9999 -9999 -9999 -9999 -9999 -9999 -9999 -9999 -9999 -9999 -9999 -9999 -9999 -9999 -9999 -9999 -9999
0.8832616 0.9343325 1.502773 1.880064 0.5287331 4.957721 0.2013783 0.1829013 0.9161454 0.3443401 1.282495 1.843051 2.271349 2.997698 5.265348 95.4354 19.49516 8.758318 3.793559 9.807167 23.18657 7.808885 1.148179 6.161524 2.95811 1.699714 0.06358256 2.190364 5.990924 21.57261 9.565611 6.442007 8.035356 6.321114 2.848328 11.15982 6.818946 2.94699 6.550274 8.774326 5.366202 0.6521665 0.2920578 1.113912 2.141612 10.33871 0.1974905 -9999 -9999 -9999 -9999 -9999 -9999 -9999 -9999 -9999 -9999 -9999 -9999 -9999 -9999 -9999 -9999 -9999 -9999 -9999 -9999 -9999 -9999 -9999 -9999
1.008462 0.2305255 0.2476559 0.1682257 0.3914922 0.8827417 0.5596744 0.236604 0.2639907 0.5901574 1.29978 1.857787 10.18304 3.553373 3.384781 5.162246 5.762037 7.122501 4.214454 22.90664 37.24099 28.94684 8.028738 12.35724 12.14093 20.12303 4.242202 7.74107 54.78932 289.3878 22.86356 36.3409 21.35103 13.16355 3.383885 11.31779 8.361569 15.92152 23.06497 2.41834 -9999 -9999 0.3254009 0.5729956 0.02429261 -9999 -9999 -9999 -9999 -9999 -9999 -9999 -9999 -9999 -9999 -9999 -9999 -9999 -9999 -9999 -9999 -9999 -9999 -9999 -9999 -9999 -9999 -9999 -9999 -9999 -9999
0.5454721 0.02589865 3.894726 0.6457992 0.7686477 0.2842165 0.680694 0.1185379 0.1417531 0.2520046 0.7575917 3.096556 7.385327 2.888399 3.873032 6.062074 9.185531 8.105494 7.036458 20.81881 72.53475 82.75573 8.881412 38.26844 26.16081 180.1357 48.44355 12.73074 10.04863 10.97058 39.61183 11.32697 19.25253 11.16226 8.288178 40.82167 36.98473 236.2437 43.76665 -9999 -9999 -9999 -9999 -9999 -9999 -9999 -9999 -9999 -9999 -9999 -9999 -9999 -9999 -9999 -9999 -9999 -9999 -9999 -9999 -9999 -9999 -9999 -9999 -9999 -9999 -9999 -9999 -9999 -9999 -9999 -9999
0.03823414 0.5988466 0.2204275 1.695205 4.508719 1.711156 0.5120995 0.4109247 1.165577 0.5395439 1.032574 2.719422 22.02396 17.55683 3.39712 24.90283 4.882192 13.3779 17.53565 7.533111 75.64473 257.4296 23.62393 28.90032 11.14472 34.48749 16.56122 112.1323 26.81267 6.974544 4.985672 4.94176 8.905194 22.23487 50.7818 160.3965 95.09538 62.84277 25.31969 0.8795485 -9999 -9999 -9999 -9999 -9999 -9999 -9999 -9999 -9999 -9999 -9999 -9999 -9999 -9999 -9999 -9999 -9999 -9999 -9999 -9999 -9999 -9999 -9999 -9999 -9999 -9999 -9999 -9999 -9999 -9999 -9999
0.09508254 0.8748726 1.084761 23.8437 6.239625 1.559726 0.5895362 0.4461444 0.9452307 2.620578 4.230379 2.331446 12.86099 2.917212 1.80203 1.42208 2.45646 5.132512 5.074048 17.96327 13.40654 5.636532 20.42238 18.58478 15.77085 25.17033 29.3514 27.6243 51.50525 63.52871 13.52287 15.01207 46.9596 147.8458 401.3225 573.7595 15.79774 -9999 -9999 -9999 -9999 -9999 -9999 -9999 -9999 -9999 -9999 -9999 -9999 -9999 -9999 -9999 -9999 -9999 -9999 -9999 -9999 -9999 -9999 -9999 -9999 -9999 -9999 -9999 -9999 -9999 -9999 -9999 -9999 -9999 -9999
4.658372 2.511978 4.286154 61.39104 70.35033 0.612592 0.4538012 0.6138096 0.447988 0.8265796 0.6237772 1.225607 4.472135 8.393433 43.88829 3.029794 3.574787 4.970217 4.223011 12.38967 9.263072 8.310287 59.79172 18.94243 110.6909 25.84665 27.91081 8.084883 9.009374 8.612071 9.773467 82.51418 128.4391 149.2881 42.73855 -9999 -9999 -9999 -9999 -9999 -9999 -9999 -9999 -9999 -9999 -9999 -9999 -9999 -9999 -9999 -9999 -9999 -9999 -9999 -9999 -9999 -9999 -9999 -9999 -9999 -9999 -9999 -9999 -9999 -9999 -9999 -9999 -9999 -9999 -9999 -9999
0.8885368 1.635736 0.8147227 2.30539 25.93255 0.5943218 0.600589 0.3483954 0.7473392 1.505163 1.909035 6.810388 1.939132 7.741224 36.76252 4.340458 10.57633 5.307448 105.5604 13.30279 4.673412 9.977093 7.545753 48.88726 22.04009 5.345199 13.2312 12.47046 2.532998 3.400851 17.04883 159.0156 53.45091 17.14005 1.457271 -9999 -9999 -9999 -9999 -9999 -9999 -9999 -9999 -9999 -9999 -9999 -9999 -9999 -9999 -9999 -9999 -9999 -9999 -9999 -9999 -9999 -9999 -9999 -9999 -9999 -9999 -9999 -9999 -9999 -9999 -9999 -9999 -9999 -9999 -9999 -9999
1.291535 2.088494 0.7213665 0.858055 0.7547436 0.3806079 0.1853417 0.8023178 2.468494 0.806503 1.024622 22.27318 2.404961 3.327651 7.01509 12.52052 4.490815 2.344037 3.572582 8.210549 7.284402 14.94612 6.034098 8.676507 14.30286 4.31953 7.590781 8.300982 10.9481 16.93196 5.909481 54.11593 23.90981 1.43414 -9999 -9999 -9999 -9999 -9999 -9999 -9999 -9999 -9999 -9999 -9999 -9999 -9999 -9999 -9999 -9999 -9999 -9999 -9999 -9999 -9999 -9999 -9999 -9999 -9999 -9999 -9999 -9999 -9999 -9999 -9999 -9999 -9999 -9999 -9999 -9999 -9999
3.132758 0.9231496 0.787789 1.549727 0.4188425 0.1605601 0.4837438 1.093577 0.7508805 0.882462 0.9449834 5.45787 6.370513 28.79693 14.24586 6.256248 2.998954 2.312657 4.757509 5.867451 7.595197 13.36922 47.47902 6.076583 8.674634 13.58129 19.01573 9.085993 24.9209 31.55506 13.80264 5.965552 50.40041 3.214155 -9999 -9999 -9999 -9999 -9999 -9999 -9999 -9999 -9999 -9999 -9999 -9999 -9999 -9999 -9999 -9999 -9999 -9999 -9999 -9999 -9999 -9999 -9999 -9999 -9999 -9999 -9999 -9999 -9999 -9999 -9999 -9999 -9999 -9999 -9999 -9999 -9999
1.738607 1.024534 32.68938 5.539643 0.138815 0.3509684 0.6337077 9.742231 1.501989 1.208438 2.200717 43.10311 5.527046 7.880184 9.92946 3.781522 5.154474 4.312306 17.24171 38.65984 8.555957 6.994996 20.09865 17.96802 18.84009 15.14926 21.04274 34.45279 72.98174 25.21201 60.40087 21.48502 2.705937 0.7688209 -9999 -9999 -9999 -9999 -9999 -9999 -9999 -9999 -9999 -9999 -9999 -9999 -9999 -9999 -9999 -9999 -9999 -9999 -9999 -9999 -9999 -9999 -9999 -9999 -9999 -9999 -9999 -9999 -9999 -9999 -9999 -9999 -9999 -9999 -9999 -9999 -9999
0.1320356 0.3321082 4.889613 0.1812018 0.1271806 2.395871 1.965556 2.54328 0.6074706 2.031405 6.141174 4.529991 2.804722 1.92739 2.010113 4.110951 25.17249 2.925939 5.450655 6.944631 7.111001 9.408988 23.54797 15.15748 49.53959 18.92145 30.50551 18.7493 15.31652 13.35814 9.438096 16.32858 3.370421 -9999 -9999 -9999 -9999 -9999 -9999 -9999 -9999 -9999 -9999 -9999 -9999 -9999 -9999 -9999 -9999 -9999 -9999 -9999 -9999 -9999 -9999 -9999 -9999 -9999 -9999 -9999 -9999 -9999 -9999 -9999 -9999 -9999 -9999 -9999 -9999 -9999 -9999
0.1146189 0.3798811 0.2995994 0.7328955 1.951916 0.217687 2.491799 10.05348 0.2215489 0.6253107 6.200275 17.53651 43.78769 4.653846 7.594615 3.443843 3.695606 3.427667 3.896342 3.097773 5.569193 12.70633 42.24731 10.79044 151.7293 19.55053 13.73494 15.05233 13.5914 7.737523 5.341927 0.1696675 -9999 -9999 -9999 -9999 -9999 -9999 -9999 -9999 -9999 -9999 -9999 -9999 -9999 -9999 -9999 -9999 -9999 -9999 -9999 -9999 -9999 -9999 -9999 -9999 -9999 -9999 -9999 -9999 -9999 -9999 -9999 -9999 -9999 -9999 -9999 -9999 -9999 -9999 -9999
1.000549 1.238803 5.094738 1.458285 2.061852 2.171238 4.045024 2.164518 2.1309 6.246551 3.592196 90.6824 141.5427 13.56771 13.1878 21.6421 10.88457 4.72845 16.7519 5.366929 3.988611 2.857167 14.50672 8.989218 13.52062 16.00559 4.871814 11.77178 16.62512 7.622561 -9999 -9999 -9999 -9999 -9999 -9999 -9999 -9999 -9999 -9999 -9999 -9999 -9999 -9999 -9999 -9999 -9999 -9999 -9999 -9999 -9999 -9999 -9999 -9999 -9999 -9999 -9999 -9999 -9999 -9999 -9999 -9999 -9999 -9999 -9999 -9999 -9999 -9999 -9999 -9999 -9999
0.4508626 0.4728722 47.17606 0.2865368 0.08680148 0.6743249 7.923978 0.9682687 4.450967 1.382859 2.597993 21.27859 3.046584 4.095479 6.875879 4.983398 9.84506 3.246509 3.983493 7.699159 2.503128 3.066216 3.529709 8.71403 6.8637 6.831392 4.839169 10.8041 0.6257066 -9999 -9999 -9999 -9999 -9999 -9999 -9999 -9999 -9999 -9999 -9999 -9999 -9999 -9999 -9999 -9999 -9999 -9999 -9999 -9999 -9999 -9999 -9999 -9999 -9999 -9999 -9999 -9999 -9999 -9999 -9999 -9999 -9999 -9999 -9999 -9999 -9999 -9999 -9999 -9999 -9999 -9999
0.2822134 1.233385 0.1699745 0.1639039 0.1420495 0.2984687 0.3534564 0.1444118 0.3000475 2.185802 5.863103 57.22024 9.304337 41.64215 11.23163 12.83993 19.12833 33.4501 28.1332 12.51094 17.86889 17.47463 9.76717 8.001421 13.47184 6.696161 3.972259 43.36704 -9999 -9999 -9999 -9999 -9999 -9999 -9999 -9999 -9999 -9999 -9999 -9999 -9999 -9999 -9999 -9999 -9999 -9999 -9999 -9999 -9999 -9999 -9999 -9999 -9999 -9999 -9999 -9999 -9999 -9999 -9999 -9999 -9999 -9999 -9999 -9999 -9999 -9999 -9999 -9999 -9999 -9999 -9999
0.4139611 0.8190217 6.814466 0.2746249 0.3307956 0.1728419 1.327468 1.163476 1.478674 2.246482 73.15034 6.777864 4.852439 219.4238 12.75096 3.88419 1.135426 5.199684 37.18251 1.22548 -9999 -9999 -9999 0.4026099 0.2246553 0.4866512 16.83037 17.70139 1.728466 -9999 -9999 -9999 -9999 -9999 -9999 -9999 -9999 -9999 -9999 -9999 -9999 -9999 -9999 -9999 -9999 -9999 -9999 -9999 -9999 -9999 -9999 -9999 -9999 -9999 -9999 -9999 -9999 -9999 -9999 -9999 -9999 -9999 -9999 -9999 -9999 -9999 -9999 -9999 -9999 -9999 -9999
0.4689555 1.833957 6.529238 3.770931 0.4486867 0.1660708 0.7548175 1.494231 4.696815 0.8252121 1.19346 4.468635 3.985041 1.587044 -9999 -9999 -9999 -9999 -9999 0.001088161 -9999 -9999 -9999 -9999 -9999 -9999 50.50826 77.66084 17.58825 -9999 -9999 -9999 -9999 -9999 -9999 -9999 -9999 -9999 -9999 -9999 -9999 -9999 -9999 -9999 -9999 -9999 -9999 -9999 -9999 -9999 -9999 -9999 -9999 -9999 -9999 -9999 -9999 -9999 -9999 -9999 -9999 -9999 -9999 -9999 -9999 -9999 -9999 -9999 -9999 -9999 -9999
0.5935683 1.252764 0.6383454 1.79758 0.5878478 0.1231866 0.2087774 2.502324 0.4027992 11.46373 2.090134 16.58034 0.009856056 -9999 -9999 -9999 -9999 -9999 -9999 -9999 -9999 -9999 -9999 -9999 -9999 -9999 84.88087 9.791855 21.99104 -9999 -1e+008 -1e+008 -9999 -9999 -9999 -9999 -9999 -9999 -9999 -9999 -9999 -9999 -9999 -9999 -9999 -9999 -9999 -9999 -9999 -9999 -9999 -9999 -9999 -9999 -9999 -9999 -9999 -9999 -9999 -9999 -9999 -9999 -9999 -9999 -9999 -9999 -9999 -9999 -9999 -9999 -9999
1.730672 1.023476 0.6108424 0.5111391 0.3676037 0.9011318 1.038564 4.111361 1.96019 1.50538 14.60212 7.094767 -9999 -9999 -9999 -9999 -9999 -9999 -9999 -9999 -9999 -9999 -9999 -9999 -9999 -9999 6.700192 32.78063 134.6648 -9999 -1e+008 -1e+008 -1e+008 -9999 -9999 -9999 -9999 -9999 -9999 -9999 -9999 -9999 -9999 -9999 -9999 -9999 -9999 -9999 -9999 -9999 -9999 -9999 -9999 -9999 -9999 -9999 -9999 -9999 -9999 -9999 -9999 -9999 -9999 -9999 -9999 -9999 -9999 -9999 -9999 -9999 -9999
4.717395 2.005563 0.3833117 0.3491789 0.4311582 11.8645 0.7689509 5.119359 74.96082 3.958721 8.182962 11.00733 -9999 -9999 -9999 -9999 -9999 -9999 -9999 -9999 -9999 -9999 -9999 -9999 -9999 -9999 -9999 1.194494 95.7506 -1e+008 -1e+008 -1e+008 -1e+008 -9999 -9999 -9999 -9999 -9999 -9999 -9999 -9999 -9999 -9999 -9999 -9999 -9999 -9999 -9999 -9999 -9999 -9999 -9999 -9999 -9999 -9999 -9999 -9999 -9999 -9999 -9999 -9999 -9999 -9999 -9999 -9999 -9999 -9999 -9999 -9999 -9999 -9999
0.06410144 7.769021 0.8550159 1.525098 2.441792 2.383721 0.1726223 1.969212 2.80624 2.144229 0.6777892 0.2265043 -9999 -9999 -9999 -9999 -9999 -9999 -9999 -9999 -9999 -9999 -9999 -9999 -9999 -9999 -9999 -9999 0.5358652 -9999 -1e+008 -1e+008 -1e+008 -1e+008 -1e+008 -9999 -9999 -9999 -9999 -9999 -9999 -9999 -9999 -9999 -9999 -9999 -9999 -9999 -9999 -9999 -9999 -9999 -9999 -9999 -9999 -9999 -9999 -9999 -9999 -9999 -9999 -9999 -9999 -9999 -9999 -9999 -9999 -9999 -9999 -9999 -9999
-9999 0.01733886 3.876288 1.707682 2.425682 1.56975 1.171381 0.4282105 2.130499 5.005423 0.7921225 0.1614524 -9999 -9999 -9999 -9999 -9999 -9999 -9999 -9999 -9999 -9999 -9999 -9999 -9999 -1e+008 -1e+008 -1e+008 -1e+008 -2e+008 -9999 -1e+008 -1e+008 -1e+008 -1e+008 -1e+008 -9999 -9999 -9999 -9999 -9999 -9999 -9999 -9999 -9999 -9999 -9999 -9999 -9999 -9999 -9999 -9999 -9999 -9999 -9999 -9999 -9999 -9999 -9999 -9999 -9999 -9999 -9999 -9999 -9999 -9999 -9999 -9999 -9999 -9999 -9999
-9999 -9999 0.01441685 1.411153 0.4648767 1.217907 9.02685 5.494268 6.423404 2.365495 3.851858 5.647717 -9999 -9999 -9999 -9999 -9999 -9999 -9999 -9999 -9999 -9999 -9999 -9999 -1e+008 -1e+008 -1e+008 -1e+008 -1e+008 -1e+008 -1e+008 -1e+008 -9999 -1e+008 -1e+008 -1e+008 -1e+008 -9999 -9999 -9999 -9999 -9999 -9999 -9999 -9999 -9999 -9999 -9999 -9999 -9999 -9999 -9999 -9999 -9999 -9999 -9999 -9999 -9999 -9999 -9999 -9999 -9999 -9999 -9999 -9999 -9999 -9999 -9999 -9999 -9999 -9999
