data/raw/spatialecon-gecon-v4-gis-ascii/GIS data ASCII/PPP2000/ppp2000sum.asc
ncols         360
nrows         140
xllcorner     -180.0
yllcorner     -56.0
cellsize      1
NODATA_value  -9999
[rows 0 to 30 of 140, columns 284 to 354 of 360]
-9999 -9999 -9999 -9999 -9999 -9999 -9999 -9999 -9999 -9999 -9999 -9999 -9999 -9999 -9999 -9999 -9999 -9999 -9999 -9999 -9999 -9999 -9999 -9999 -9999 -9999 -9999 -9999 -9999 -9999 -9999 -9999 -9999 -9999 -9999 -9999 -9999 -9999 -9999 -9999 -9999 -9999 -9999 -9999 -9999 -9999 -9999 -9999 -9999 -9999 -9999 -9999 -9999 -9999 -9999 -9999 -9999 -9999 -9999 -9999 -9999 -9999 -9999 -9999 -9999 -9999 -9999 -9999 -9999 -9999 -9999
-9999 -9999 -9999 -9999 -9999 -9999 -9999 -9999 -9999 -9999 -9999 -9999 -9999 -9999 -9999 -9999 -9999 -9999 -9999 -9999 -9999 -9999 -9999 -9999 -9999 -9999 -9999 -9999 -9999 -9999 -9999 -9999 -9999 -9999 -9999 -9999 -9999 -9999 -9999 -9999 -9999 -9999 -9999 -9999 -9999 -9999 -9999 -9999 -9999 -9999 -9999 -9999 -9999 -9999 -9999 -9999 -9999 -9999 -9999 -9999 -9999 -9999 -9999 -9999 -9999 -9999 -9999 -9999 -9999 -9999 -9999
-9999 -9999 -9999 -9999 -9999 -9999 -9999 -9999 -9999 -9999 -9999 -9999 -9999 -9999 -9999 -9999 -9999 -9999 -9999 -9999 -9999 -9999 -9999 -9999 -9999 -9999 -9999 -9999 -9999 -9999 -9999 -9999 -9999 -9999 -9999 -9999 -9999 -9999 -9999 -9999 -9999 -9999 -9999 -9999 -9999 -9999 -9999 -9999 -9999 -9999 -9999 -9999 -9999 -9999 -9999 -9999 -9999 -9999 -9999 -9999 -9999 -9999 -9999 -9999 -9999 -9999 -9999 -9999 -9999 -9999 -9999
-9999 -9999 -9999 -9999 -9999 -9999 -9999 -9999 -9999 -9999 -9999 -9999 -9999 -9999 -9999 -9999 -9999 -9999 -9999 -9999 -9999 -9999 -9999 -9999 -9999 -9999 -9999 -9999 -9999 -9999 -9999 -9999 -9999 -9999 -9999 -9999 -9999 -9999 -9999 -9999 -9999 -9999 -9999 -9999 -9999 -9999 -9999 -9999 -9999 -9999 -9999 -9999 -9999 -9999 -9999 -9999 -9999 -9999 -9999 -9999 -9999 -9999 -9999 -9999 -9999 -9999 -9999 -9999 -9999 -9999 -9999
2.275629e-006 -9999 -9999 -9999 -9999 -9999 -9999 -9999 -9999 -9999 -9999 -9999 -9999 -9999 -9999 -9999 -9999 -9999 -9999 -9999 -9999 -9999 -9999 -9999 -9999 -9999 -9999 -9999 -9999 -9999 -9999 -9999 -9999 -9999 -9999 -9999 -9999 -9999 -9999 -9999 -9999 -9999 -9999 -9999 -9999 -9999 -9999 -9999 -9999 -9999 -9999 -9999 -9999 -9999 -9999 -9999 -9999 -9999 -9999 -9999 -9999 -9999 -9999 -9999 -9999 -9999 -9999 -9999 -9999 -9999 -9999
0.0001573491 3.304458e-005 2.017805e-005 1.922575e-005 -9999 -9999 -9999 -9999 -9999 -9999 -9999 -9999 -9999 -9999 -9999 -9999 -9999 -9999 -9999 -9999 -9999 -9999 -9999 -9999 -9999 -9999 -9999 -9999 -9999 -9999 -9999 -9999 -9999 -9999 -9999 -9999 -9999 -9999 -9999 -9999 -9999 -9999 -9999 -9999 -9999 -9999 -9999 -9999 -9999 -9999 -9999 -9999 -9999 -9999 -9999 -9999 -9999 -9999 -9999 -9999 -9999 -9999 -9999 -9999 -9999 -9999 -9999 -9999 -9999 -9999 -9999
0.0001906168 0.000110371 1.962763e-005 1.158864e-005 -9999 -9999 -9999 -9999 -9999 -9999 -9999 -9999 -9999 -9999 -9999 -9999 -9999 -9999 -9999 -9999 -9999 -9999 -9999 -9999 -9999 -9999 -9999 -9999 -9999 -9999 -9999 -9999 -9999 -9999 -9999 -9999 -9999 -9999 -9999 -9999 -9999 -9999 -9999 -9999 -9999 -9999 -9999 -9999 -9999 -9999 -9999 -9999 2.114761e-006 -9999 -9999 -9999 -9999 -9999 -9999 -9999 -9999 -9999 -9999 -9999 -9999 -9999 -9999 -9999 -9999 -9999 -9999
0.0004156731 0.0004399121 0.0004399398 0.0003430834 0.0004473974 0.000461994 0.0004609034 0.0004239827 0.0002643689 7.660554e-005 -9999 -9999 -9999 -9999 -9999 -9999 -9999 -9999 -9999 -9999 -9999 -9999 -9999 -9999 -9999 -9999 -9999 -9999 -9999 -9999 -9999 -9999 -9999 0 0.001058882 0.0004591967 5.875517e-006 0.0006918645 0 -9999 -9999 -9999 -9999 -9999 4.592963e-005 5.281601e-005 -9999 -9999 3.491759e-005 -9999 -9999 -9999 -9999 -9999 -9999 -9999 -9999 -9999 -9999 -9999 -9999 -9999 -9999 -9999 -9999 -9999 -9999 -9999 -9999 -9999 -9999
0.0006573441 0.0006573441 0.0006573441 0.0006573441 0.0006573441 0.0006573441 0.0006573441 0.0006573441 0.0006156439 0.0003654908 -9999 -9999 -9999 -9999 -9999 -9999 -9999 -9999 -9999 -9999 -9999 -9999 -9999 -9999 -9999 -9999 -9999 -9999 -9999 -9999 -9999 0.001331384 0.0001915512 0.006394691 0.008894591 0.00871849 0.006834829 0.008958234 0.008042172 0.007142977 0.005146746 0.0003199305 0.0005247237 0.0008377581 0.0006590437 0.0004972972 0.0002698223 -9999 -9999 -9999 -9999 -9999 -9999 -9999 -9999 -9999 -9999 -9999 -9999 -9999 -9999 -9999 -9999 -9999 -9999 -9999 -9999 -9999 -9999 -9999 -9999
0.0007020429 0.0007020429 0.0007020429 0.0007020429 0.0007018611 0.0006086148 0.0003736731 0.0003869591 0.001226682 0.0003465905 -9999 4.656863e-006 1.556599e-005 -9999 -9999 -9999 -9999 -9999 -9999 -9999 -9999 -9999 -9999 -9999 -9999 -9999 -9999 -9999 -9999 -9999 -9999 0.0005164325 0.0001632089 0.0001585938 0.002450577 0.002035681 0.003326849 0.0007380963 0.001197057 0.000659515 -9999 -9999 -9999 9.586498e-005 0.000517823 0.0005223293 0.0002431252 -9999 -9999 -9999 -9999 -9999 -9999 -9999 -9999 -9999 -9999 -9999 -9999 -9999 -9999 -9999 -9999 -9999 -9999 -9999 -9999 -9999 -9999 -9999 -9999
0.0007462798 0.0007376575 0.0005749604 0.0003968214 0.0003459734 0.0003860525 0.001084104 0.002620519 0.002606063 0.002008917 0.002105038 0.002464294 0.00235371 0.002130012 0.001514857 0.0003884735 0.0001499808 -9999 8.535508e-005 0.001451196 0.003027271 0.002226976 0.001871711 0.002029275 0.0011721 0.0001812246 -9999 -9999 -9999 -9999 -9999 0 0.0002327604 -9999 -9999 0.0001289327 0.001605525 0.005580917 0.006019083 0.002362281 -9999 -9999 -9999 -9999 -9999 -9999 -9999 -9999 -9999 -9999 -9999 -9999 -9999 -9999 -9999 -9999 -9999 -9999 -9999 -9999 -9999 -9999 -9999 -9999 -9999 -9999 -9999 -9999 -9999 -9999 -9999
0.0007903014 0.0007415235 0.0007804865 0.0007903014 0.0007903014 0.0007903014 0.0009843245 0.002318105 0.00326253 0.003631098 0.003728819 0.003732815 0.003394557 0.003116054 0.003438215 0.00320883 0.003336175 0.004093442 0.004111046 0.004145737 0.004288225 0.004274704 0.004305329 0.004292658 0.004190224 0.001639665 -9999 -9999 -9999 -9999 -9999 -9999 -9999 -9999 -9999 0.002474551 0.005354883 0.008368621 0.007645254 0.007041352 0.005169467 0.003853429 0.001969237 0.0008062666 0.0007652507 0.0003789365 -9999 -9999 -9999 -9999 -9999 -9999 -9999 -9999 -9999 -9999 -9999 -9999 -9999 -9999 -9999 -9999 -9999 -9999 -9999 -9999 -9999 -9999 -9999 -9999 -9999
0.0008333619 0.0008333619 0.0008333619 0.0008333619 0.0008333619 0.0008333619 0.0008333619 0.0008294809 0.00070277 0.002120789 0.003867664 0.001830968 0.0007475326 0.0007446287 0.0007446287 0.0007446287 0.000810679 0.001689688 0.003867971 0.00453868 0.00453868 0.00453868 0.0045166 0.004229437 0.004159088 0.001822101 6.65436e-005 0.0004278082 0.00824073 0.005838918 0.004416483 0.006662337 0.006453769 0.004900675 0.006547235 0.006454768 0.01132916 0.01135095 0.009091441 0.002945431 0.00262165 0.00261505 0.002508282 0.002574822 0.002628976 0.002206321 0.001398451 0.0007972518 9.772479e-006 -9999 4.250642e-006 0.0003700202 0.0006455563 0.0004438545 4.74385e-006 -9999 -9999 -9999 -9999 -9999 -9999 -9999 -9999 -9999 -9999 -9999 -9999 -9999 -9999 -9999 -9999
0.0008762106 0.0008762106 0.0008762106 0.0008762106 0.0008762106 0.000819908 0.0007553907 0.0007678107 0.0007798381 0.001061293 0.001276404 0.0007852949 0.0007790288 0.0007790288 0.0007790288 0.0007790288 0.002187679 0.003417438 0.004689598 0.004749993 0.004749993 0.004568154 0.004496454 0.00456005 0.004749993 0.004749993 0.004330156 0.004044384 0.007991457 0.01133638 0.01187213 0.01187939 0.01187939 0.01174315 0.01163372 0.01187939 0.01182784 0.006456404 0.002932116 0.002749593 0.002749593 0.002749593 0.00271009 0.002665248 0.002749593 0.002749593 0.002749593 0.002687916 0.005319694 0.006944649 0.007764331 0.008029868 0.008029868 0.008029868 0.007117106 0.005459824 0.0003267037 0.000135354 -9999 -9999 -9999 -9999 -9999 -9999 0 -9999 0.0009615408 0.001655938 -9999 -9999 -9999
0.0008173411 0.0008226382 0.0007849325 0.0007950634 0.0008075564 0.0007737769 0.0008192851 0.0008192851 0.0008192851 0.0008192851 0.0008192851 0.0008192851 0.0008192851 0.0008192851 0.0008192851 0.001004729 0.00341632 0.003985447 0.00477239 0.004994589 0.004610499 0.004769156 0.004995246 0.004995246 0.004995246 0.004995246 0.004995246 0.004807565 0.004427829 0.007606288 0.01047332 0.01078909 0.01110028 0.01218395 0.01249247 0.01249256 0.01249256 0.01121148 0.006339941 0.004363018 0.004119525 0.003959153 0.003500447 0.00353767 0.003708614 0.004117544 0.004469037 0.004575717 0.006849874 0.007334834 0.008199256 0.008330348 0.00833786 0.00844442 0.008313117 0.007898496 0.004953784 0.004141354 0.005606842 0.007044477 0.00636772 0.005915447 0.005181158 0.01886149 0.02074207 0.004598213 0.009236753 0.03149092 0.03064777 0.02156348 0.01137168
0.0006942566 0.0006942566 0.0006849511 0.0008589694 0.0008589694 0.0008589694 0.0008589694 0.0008589694 0.0008589694 0.0008589694 0.0008589694 0.0008589694 0.0008589694 0.0008589694 0.0009440589 0.001346747 0.00230653 0.002552456 0.002545082 0.0024599 0.002619106 0.002718518 0.003102078 0.002910184 0.00270887 0.002756433 0.002542964 0.002342848 0.002312699 0.00609303 0.01086134 0.01086134 0.01086134 0.01086134 0.01189407 0.01309479 0.01309799 0.009636125 0.005629636 0.005576855 0.005576855 0.005576855 0.005576855 0.005570482 0.005467874 0.005311432 0.005362403 0.004624216 0.004959195 0.005393904 0.00506057 0.005281855 0.006451502 0.006661407 0.008135993 0.00892104 0.009006407 0.009111178 0.009254519 0.01085191 0.01085191 0.01085191 0.01085191 0.0257101 0.03373638 0.02987396 0.02917043 0.03373638 0.03373638 0.02746601 0.01339484
0.0007250789 0.0007235344 0.0007141479 0.0008981559 0.0008981559 0.0008981559 0.0008981559 0.0008981559 0.0008981559 0.0008981559 0.0008981559 0.0008981559 0.0008981559 0.001125366 0.002161688 0.002831073 0.002671258 0.002671258 0.002638404 0.002265427 0.002619337 0.002671258 0.002665829 0.002485221 0.002418157 0.002418157 0.002418157 0.002418157 0.002418157 0.007707614 0.0113564 0.0113564 0.0113564 0.01096826 0.01127331 0.007852935 0.004687157 0.004546282 0.004586785 0.005267525 0.005826429 0.005511119 0.005216445 0.004890611 0.007077242 0.007408733 0.006679078 0.00568597 0.005638566 0.005639877 0.005576445 0.005559809 0.005639877 0.006146269 0.009741742 0.01113364 0.01113364 0.01113364 0.01113364 0.01113364 0.01113364 0.01113364 0.01113364 0.01324257 0.01875821 0.02178142 0.02951099 0.02400667 0.01255127 0.007651193 0.008049677
0.0007554301 0.0007528597 0.008440517 0.01403415 0.01696106 0.01092176 0.01350871 0.01615017 0.01511625 0.005355551 0.0009307 0.0009307 0.0009307 0.0009307 0.0169939 0.03103505 0.01633781 0.002767991 0.002767991 0.002290732 0.002696115 0.002767991 0.003027085 0.006621299 0.006914238 0.006035207 0.002526492 0.002505693 0.005600996 0.01170398 0.01176765 0.01176765 0.01176706 0.01176765 0.01176765 0.01048931 0.006387671 0.003645462 0.003645462 0.003645462 0.003944671 0.003694658 0.003645462 0.005070852 0.007850755 0.008959134 0.008959134 0.00877365 0.007255216 0.006190281 0.006416338 0.006535638 0.006239287 0.005992429 0.007913508 0.01139336 0.01174084 0.01174084 0.01174084 0.01174084 0.01174084 0.01174084 0.01090372 0.01050809 0.009451283 0.00786374 0.007223447 0.006923033 0.006923033 0.006836619 0.006923033
0.000785391 0.0007947045 0.008840043 0.022846 0.02260654 0.022846 0.022846 0.022846 0.0133336 0.0009767187 0.0009686557 0.001094722 0.001191088 0.01826322 0.03733421 0.03744863 0.027002 0.004087994 0.002881032 0.002859404 0.002313877 0.005180562 0.006474631 0.01261473 0.01341976 0.01341976 0.01211228 0.009770088 0.01220312 0.01217958 0.01200086 0.01181584 0.01169512 0.01174166 0.01179009 0.01271796 0.01205944 0.009812359 0.006830483 0.003860994 0.003794312 0.003794312 0.003794312 0.004980701 0.008992971 0.009324797 0.009324797 0.009324797 0.009464142 0.009746975 0.009995276 0.01012293 0.0101175 0.009989928 0.009023379 0.007297705 0.009348406 0.01111218 0.01234365 0.01234365 0.01234365 0.01027867 0.00728367 0.00727852 0.00727852 0.00727852 0.00727852 0.007238242 0.007091373 0.006631987 0.007250741
0.000816049 0.002028895 0.009860542 0.01395321 0.01548159 0.02372789 0.02372789 0.02372789 0.0232091 0.01731357 0.02300155 0.03944084 0.04062236 0.04331724 0.04323258 0.03908409 0.03889741 0.03808826 0.03129592 0.02597162 0.02567754 0.0121626 0.01312412 0.01375172 0.01393765 0.01393765 0.01393765 0.01392069 0.01296922 0.01213734 0.01213734 0.01203188 0.01211738 0.01213734 0.01213734 0.01571528 0.02416389 0.02465537 0.02465537 0.02261108 0.01446225 0.01001879 0.01113011 0.009613899 0.02972197 0.03244153 0.02382773 0.01969852 0.01026004 0.01052604 0.01052604 0.01113444 0.0130923 0.01717955 0.007807234 0.005359407 0.005359407 0.005635495 0.006273525 0.003529744 0.003621113 0.003518501 0.003664447 0.004136337 0.005144171 0.007430002 0.007430002 0.007299936 0.007427238 0.007340076 0.006402721
0.0008461813 0.0008461813 0.002038413 0.003312506 0.005863331 0.01349605 0.02270261 0.02312043 0.02423329 0.02620752 0.03586119 0.04048486 0.04461181 0.04484228 0.04490012 0.04259764 0.04028495 0.04030691 0.04032733 0.0345836 0.01880222 0.0149496 0.01470205 0.01644568 0.04144953 0.05378942 0.06196036 0.06089178 0.04622234 0.02676546 0.01258067 0.01258067 0.01258067 0.01258067 0.01258067 0.01439882 0.02221989 0.02555613 0.02555613 0.02555613 0.02555613 0.04454277 0.05921187 0.05952953 0.07447185 0.08341938 0.08414443 0.02810962 0.01092284 0.01092284 0.01113556 0.01797595 0.01856511 0.01705719 0.008430336 0.00556137 0.00556137 0.00556137 0.004518456 0.002724257 0.002724257 0.002724257 0.002724257 0.002724257 0.00320634 0.00539677 0.007775361 0.007775361 0.007775361 0.007798416 0.00780526
0.002024432 0.0008745595 0.002613951 0.003543252 0.003543252 0.007516386 0.02418498 0.02162027 0.02494486 0.5856889 0.03433815 0.03812013 0.03812013 0.03865024 0.04034317 0.04012045 0.0411608 0.04168203 0.03372081 0.02769646 0.02729438 0.02235316 0.01894713 0.02218242 0.7106574 1.399236 0.1397098 0.1152644 0.09307105 0.0678478 0.04026917 0.01767036 0.01301634 0.01337957 0.01459908 0.01781733 0.01428623 0.01694896 0.02534415 0.0246565 0.02647875 0.05208428 0.05634507 0.05436338 0.06327838 0.1050778 0.1119059 0.09429999 0.02182638 0.01354062 0.01547742 0.01907679 0.01884549 0.01071555 0.005733039 0.005733039 0.005733039 0.005733039 0.00415445 0.001543495 0.001990736 0.002781868 0.002816105 0.002816105 0.002896361 0.004021812 0.007363391 0.008178117 0.01021565 0.0119305 0.01631269
0.00287239 0.002502693 0.003623542 0.003662366 0.003662366 0.006151762 0.01831216 0.02614863 0.02694952 0.04042862 0.04712081 0.04959234 0.04873154 0.04022194 0.03408976 0.02263671 0.02222132 0.02466984 0.02315411 0.01750818 0.02766347 0.05390077 0.06656862 0.09431574 0.3914762 1.136883 0.2209268 0.1325939 0.1064971 0.09824622 0.06122964 0.027722 0.01636824 0.01719501 0.01332672 0.009165988 0.006941352 0.00694023 0.007713852 0.007488367 0.008014182 0.007580411 0.0204678 0.04317351 0.04503082 0.0487969 0.08634082 0.1103938 0.103723 0.04147134 0.01979385 0.01985063 0.01464483 0.002060279 0.001103347 0.001311323 0.00503754 0.004882684 0.001625633 0.0005126591 0.002822714 0.003841062 0.005670533 0.006944706 0.008791911 0.01042653 0.01101275 0.01101275 0.00916018 0.00460412 0.001930897
0.003379963 0.003671212 0.003779208 0.003779208 0.003779208 0.005775927 0.03775949 0.05502902 0.05488066 0.05765577 0.04092462 0.02247288 0.02798346 0.02568287 0.01672954 0.01671529 0.01624957 0.01631208 0.01652219 0.01646225 0.0242339 0.05618695 0.03294191 0.03354734 0.04710016 0.0710278 0.08398177 0.05267792 0.03593121 0.01858688 0.0185706 0.0185706 0.0185706 0.0185706 0.008615046 0.007161886 0.007161886 0.007161886 0.007161886 0.007161886 0.007155985 0.008343668 0.01374941 0.02190053 0.02521061 0.02946365 0.05830185 0.0736059 0.03956911 0.0207593 0.01830178 0.008520564 0 -9999 -9999 5.172858e-005 0.001172123 0.001242085 0.009246519 0.01191378 0.009430088 0.009100052 0.009283328 0.006491118 0.004794147 0.006361297 0.008935999 0.003407893 0.000258948 -9999 -9999
0.003485348 0.003794769 0.003895557 0.003895557 0.003895557 0.01985746 0.04168582 0.03482652 0.03540596 0.0301814 0.01117064 0.01013231 0.01013231 0.01019328 0.01051341 0.01688656 0.01714252 0.01698043 0.01784893 0.02626171 0.03313505 0.03560474 0.03560474 0.03560474 0.0356061 0.03877444 0.03974104 0.03193294 0.01853037 0.01174085 0.01307189 0.009821043 0.009248605 0.008302331 0.007405263 0.007379081 0.007379081 0.007379081 0.006000903 0.004711213 0.004460719 0.004552537 0.005069569 0.0126392 0.01384956 0.006711366 1.939573 0.1667941 0.02061209 0.01822611 0.01009425 0.000967029 -9999 -9999 -9999 0.0003718206 0.006497569 0.01352485 0.01616695 0.005278295 0.002067976 0.0002657236 0.0005902448 -9999 -9999 -9999 0.0001701465 -9999 -9999 -9999 -9999
0.02714053 0.004861741 0.009213367 0.02446543 0.02484924 0.04128677 0.03876659 0.02926453 0.02365877 0.02048935 0.01042861 0.01042861 0.01042861 0.01125572 0.01140927 0.01430776 0.01779724 0.01779421 0.01935182 0.05307269 0.05572585 0.03660068 0.03660068 0.03660068 0.03660068 0.03660068 0.03660068 0.03097107 0.007447243 0.001817553 0.001817553 0.001817553 0.001817553 0.001817553 0.004233083 0.006589637 0.006666369 0.002817269 0 -9999 -9999 -9999 -9999 -9999 -9999 -9999 -9999 0.002124294 0.001034853 -9999 -9999 -9999 -9999 0 0.002471879 0.01034857 0.01434593 0.01637948 0.005991454 0.001505816 0.001981788 -9999 -9999 -9999 -9999 -9999 -9999 -9999 -9999 -9999 -9999
0.1187741 0.02931627 0.03539959 0.04245755 0.04746649 0.04415723 0.03969998 0.02418841 0.02413062 0.01609641 0.2022516 0.01034663 0.01061542 0.01268627 0.01247354 0.01204122 0.01823464 0.01858689 0.04364802 0.1130296 0.09888835 0.08896686 0.07531545 0.04791141 0.04161536 0.04353554 0.03766805 0.01902916 0.001872514 0.001868835 0.001868835 0.001868835 0.001868835 0.001868835 0.00184265 0.001233843 0.0002694552 -9999 -9999 -9999 -9999 -9999 -9999 -9999 -9999 -9999 -9999 -9999 -9999 -9999 -9999 -9999 0.001719912 0.01271413 0.01454493 0.01518155 0.03365244 0.0306587 0.02327944 0.001291476 -9999 -9999 -9999 -9999 -9999 -9999 -9999 -9999 -9999 -9999 -9999
0.2013163 0.5929273 0.03693439 0.05104942 0.04893656 0.02912501 0.02277787 0.02167803 0.04909522 0.06683014 0.04082322 0.00876787 0.01362651 0.0132833 0.01281905 0.01346109 0.02117426 0.02128367 0.03081053 0.04559186 0.09029732 0.1179678 0.1179678 0.1179678 0.1179678 0.1178918 0.1100789 0.03084079 0.001918911 0.001918911 0.001918911 0.001918911 0.001918911 0.001703079 0.0003935853 -9999 -9999 -9999 -9999 -9999 -9999 -9999 -9999 -9999 -9999 -9999 -9999 -9999 -9999 -9999 -9999 0.001710613 0.01390494 0.01368368 0.01185228 0.03527744 0.05269931 0.05267128 0.03924212 0.009687527 -9999 -9999 -9999 -9999 -9999 -9999 -9999 -9999 -9999 -9999 -9999
0.06107695 0.034892 0.03850347 0.0555639 0.04650997 0.1877171 0.02516183 0.03904956 0.02058293 0.02878328 0.01154193 0.007879085 0.01306701 0.01469211 0.009797445 0.004638112 0.00309656 0.007826198 0.02310936 0.02310965 0.4780201 0.02782018 0.03134644 0.0299434 0.0333421 0.02880349 0.02906117 0.01348542 0.009319512 0.002281995 0.00228345 0.002054988 0.0009414746 0.0003079343 3.469459e-005 -9999 -9999 -9999 -9999 -9999 -9999 -9999 -9999 -9999 -9999 -9999 -9999 -9999 -9999 -9999 -9999 0.008052573 0.01361455 0.01191651 0.02978076 0.05165198 0.05791311 0.04564869 7.533784e-005 -9999 -9999 0.001970642 0.005806007 -9999 -9999 -9999 -9999 -9999 -9999 -9999 -9999
0.03823295 0.03993092 0.04773226 0.04979529 0.03063993 0.01370959 0.06009486 0.03787355 0.00751341 0.00751341 0.007565989 0.01043593 0.01266025 0.01367899 0.005795523 0.008131638 0.01953716 0.03428621 0.05110207 0.06376989 0.02824322 0.02628342 0.01640463 0.01349187 0.01498808 0.01637701 0.01498966 0.007148381 0.00251574 0.00251555 0.00251555 0.001824407 0.001268724 0.0007181969 0.0002018419 0.011859 0.001543145 -9999 0.01103122 0 -9999 -9999 -9999 -9999 -9999 -9999 -9999 -9999 -9999 -9999 -9999 0.00606891 0.02173306 0.03265454 0.06266091 0.05995701 0.03304411 0.02616097 0.001312272 -9999 -9999 -9999 0.004946124 0.002352073 0.0002413503 -9999 -9999 -9999 -9999 -9999 -9999
0.3072631 0.1929759 0.05754805 0.03592023 0.03456533 0.09539171 0.08799894 0.02024485 0.02094892 0.02262153 0.02005179 0.01639921 0.03652746 0.1017861 0.08268132 0.06720641 0.05625533 0.06047848 0.1011067 0.0998311 0.1159567 0.1178287 0.05578935 0.272264 0.01771145 0.02608979 0.02058196 0.01466726 0.00994309 0.01429596 0.01521294 0.002739795 0.004004006 0.004225931 0.01100878 0.05978965 0.4308223 0.01766773 0.3498961 0.004841942 -9999 -9999 -9999 -9999 -9999 -9999 -9999 -9999 -9999 -9999 -9999 0.0004969834 0.04014432 0.05487839 3.933928 0.04537315 0.0003072569 -9999 -9999 -9999 -9999 -9999 -9999 -9999 -9999 -9999 -9999 -9999 3.069433e-005 -9999 -9999
