data/raw/spatialecon-gecon-v4-gis-ascii/GIS data ASCII/PPP2000/ppp2000sum.asc
ncols         360
nrows         140
xllcorner     -180.0
yllcorner     -56.0
cellsize      1
NODATA_value  -9999
[rows 62 to 92 of 140, columns 142 to 212 of 360]
-9999 -9999 -9999 -9999 -9999 -9999 -9999 -9999 -9999 -9999 -9999 -9999 -9999 -9999 -9999 -9999 -9999 -9999 -9999 -9999 0.000392684 0.04033409 0.03305165 0.02638714 0.01286358 0.007398165 0.0007552614 0.0008210635 0.0008948533 0.0008941583 0.000977666 0.001473942 0.00202998 0.002632766 0.002632766 0.002632766 0.002632766 0.003862021 0.02562129 0.04927794 0.02172175 0.0167112 0.0167112 0.0167112 0.01634471 0.01584664 0.01184217 0.00670149 0.006271407 0.0002536512 0.0002588101 0.0002588101 0.0002588101 0.00126729 0.001695808 0.001695808 0.001695808 -1e+008 -1e+008 -1e+008 -1e+008 -1e+008 -1e+008 0.006319893 0.006319827 0.006319827 0.006319827 0.006319841 0.006298711 0.006184522 0.04977255
-9999 -9999 -9999 -9999 -9999 -9999 -9999 -9999 -9999 -9999 -9999 -9999 -9999 -9999 -9999 -9999 -9999 -9999 -9999 -9999 0.0009336709 0.05323611 0.03548551 0.01049239 0.02393734 0.007372628 0.0009022955 0.0009013733 0.0009001819 0.0009001819 0.001274601 0.001515433 0.001380638 0.003294642 0.002650494 0.002650559 0.003493307 0.002801163 0.002612236 0.02208489 0.02199339 0.01682374 0.01682374 0.01682374 0.01535518 0.008062171 0.006396423 0.006107112 0.006392894 0.0002634559 0.0002605508 0.0002605508 0.0002605508 0.0005849834 0.001707229 0.001707229 0.001707229 0.001707229 0.001707229 -1e+008 -1e+008 -1e+008 -1e+008 0.006789954 0.006515904 0.006362401 0.006362401 0.006362401 0.006362401 0.006362401 0.05083627
-9999 -9999 -9999 -9999 -9999 -9999 -9999 -9999 -9999 -9999 -9999 -9999 -9999 -9999 -9999 -9999 -9999 -9999 -9999 -9999 -9999 0.01437189 0.00590185 0.009324042 0.01279046 0.007791573 0.008488613 0.0005860159 0.0005712103 0.0007047249 0.001516695 0.001531384 0.001345827 0.004332585 0.003201769 0.001970912 0.002243074 0.002624087 0.002574493 0.002628768 0.002759066 0.01407725 0.01621394 0.01534673 0.006847379 0.006189944 0.006447371 0.006449332 0.006449332 0.0002735547 0.002541112 0.003260571 0.0002622119 0.0007108938 0.001718124 0.001718124 0.001718124 0.001718124 0.001718124 0.001718124 0.001718124 -1e+008 0.02709266 0.02709266 0.02345992 0.02502067 0.03345009 0.03335464 0.03325766 0.03316196 0.05838181
-9999 -9999 -9999 -9999 -9999 -9999 -9999 -9999 -9999 -9999 -9999 -9999 -9999 -9999 -9999 -9999 -9999 -9999 -9999 -9999 -9999 0.2777757 1.011781 0.01908535 0.02233616 0.02887762 0.02058985 0.0007337804 0.0004602596 0.001091617 0.001540616 0.001540616 0.001375025 0.0117202 0.004788904 0.001874426 0.001714543 0.005058688 0.00463491 0.002656095 0.00281994 0.002799539 0.008792472 0.01313919 0.005431319 0.006123379 0.006488209 0.006488219 0.006493112 0.0002870117 0.003729884 0.005169238 0.0002722944 0.0008839382 0.001728494 0.001728494 0.001551801 0.00166367 0.001728494 0.001693127 0.001728494 0.001728494 0.02725732 0.02725732 0.02224285 0.0323911 0.0518231 0.0518231 0.05179413 0.0518231 0.06916494
-9999 -9999 -9999 -9999 -9999 -9999 -9999 -9999 -9999 -9999 -9999 -9999 0.08207238 0.002267449 -9999 -9999 -9999 -9999 -9999 -9999 -9999 0.04395164 0.2761286 0.03556845 0.04849667 0.05019465 0.05379318 0.01577441 0.01331258 0.007461975 0.001593245 0.001549386 0.001476486 0.01111455 0.0131306 0.004228072 0.0162449 0.01700587 0.01522758 0.008976151 0.00620005 0.006116125 0.007883336 0.01144064 0.009570185 0.0117098 0.01302629 0.0131619 0.01309233 0.001198778 0.0007656583 0.0009549687 0.0009571069 0.001320456 0.001723481 0.001578709 0.001471281 0.001667953 0.001734184 0.001698241 0.001699035 0.001738335 0.02741154 0.02571136 0.01955163 0.03270712 0.05211833 0.05211833 0.05095738 0.05211833 0.1457209
-9999 -9999 -9999 -9999 -9999 -9999 -9999 -9999 -9999 -9999 -9999 -9999 0.06856728 0.1418413 -9999 0.04296297 -9999 -9999 -9999 -9999 -9999 0.2775789 0.2907169 0.2589856 0.2094175 0.1508882 0.1482767 0.06599671 0.05690445 0.0867434 0.07626012 0.04056589 0.01714358 0.02174472 0.2251972 0.03855281 0.03645167 0.07392841 0.1021481 0.01485099 0.006190593 0.005959634 0.008010129 0.008798705 0.01174362 0.01192409 0.01284849 0.0110125 0.005113862 0.003416375 0.0009613497 0.0009613497 0.002021108 0.01202371 0.006833767 0.00174434 0.001415593 0.002066973 0.001669073 0.001672193 0.001734429 0.001728537 0.02590355 0.02224392 0.02414115 0.04641426 0.05492776 0.05556913 0.0546406 1.399104 3.184257
-9999 -9999 -9999 -9999 -9999 -9999 -9999 -9999 -9999 -9999 -9999 -9999 -9999 0.009885853 0.4177111 0.0005808331 -9999 -9999 -9999 -9999 0.006994633 1.073163 0.3087825 0.1734772 0.2091385 0.2464636 0.1131164 0.1136057 0.1704072 0.09884112 0.0857518 0.0761241 0.02455208 0.09650276 0.1525363 0.05743686 0.03742886 0.02279585 0.0356647 0.03143171 0.03420306 0.06053038 0.02192365 0.03023313 0.01426352 0.01161158 0.01562631 0.01020554 0.003388014 0.003098937 0.000921655 0.001192535 0.01337753 0.01727617 0.01727617 0.01505187 0.01395123 0.02707508 0.01739537 0.02552724 0.0248353 0.02041181 0.02676938 0.02366015 0.02102251 0.04306331 0.04357174 0.04357174 0.04357174 0.1743373 12.03316
-9999 -9999 -9999 -9999 -9999 -9999 -9999 -9999 -9999 -9999 -9999 -9999 -9999 0.09156068 0.139877 -9999 -9999 -9999 -9999 -9999 4.359559 2.828352 1.039553 0.2523117 0.1772296 0.2161699 0.1786925 0.1086165 0.102669 0.06477101 0.07171463 0.09893046 0.1400439 0.2896443 0.2830222 0.1405029 0.1471118 0.1894242 0.1561382 0.2253154 0.1616702 0.1491251 0.2129262 0.438008 0.3190159 0.3043915 0.2091132 0.1260289 0.03803127 0.01471827 0.002811669 0.02468303 0.02717497 0.01734875 0.01498136 0.02078619 0.03616112 0.03561603 0.03102308 0.02922175 0.191364 0.1646003 0.05461595 0.03313652 0.02112111 0.05476527 0.04416757 0.08035745 0.1666802 0.3002898 1.245358
-9999 -9999 -9999 -9999 -9999 -9999 -9999 -9999 -9999 -9999 -9999 -9999 -9999 -9999 -9999 -9999 -9999 -9999 -9999 -9999 -9999 1.295187 0.8954563 0.5701409 0.2449376 0.09370413 0.05633672 0.05753729 0.08910056 0.1899441 0.3737701 0.4363781 0.3850799 0.3187285 0.2656335 0.6800577 0.6679236 0.4687035 0.228004 0.2639045 0.3884019 0.2916189 0.4526634 1.93334 0.8498676 1.107823 0.9419196 0.3485089 0.2950993 0.2290246 0.1602479 0.1718903 0.04873079 0.05115894 0.01996144 0.03178023 0.03591082 0.03596399 0.03878818 0.1994315 0.4150382 0.2564521 0.2796868 0.3072778 0.1407798 0.2499194 0.2595519 0.4143593 0.6565807 0.6387247 0.9214219
-9999 -9999 -9999 -9999 -9999 -9999 -9999 -9999 -9999 -9999 -9999 -9999 -9999 -9999 -9999 -9999 -9999 -9999 -9999 -9999 -9999 0.6762484 0.6959598 0.3828963 0.2113038 0.1492019 0.1367008 0.06534296 0.111854 0.8923531 0.4232977 0.2366393 0.4885468 0.3529691 0.4152305 0.8161859 1.603086 0.7507911 0.2316332 0.1344977 0.1533531 0.445453 1.662424 1.274909 1.459934 3.1883 4.144797 2.493941 1.608271 0.4261349 0.3596703 0.4773501 1.306309 0.1069534 0.1050945 0.05347712 0.03418457 0.03272713 0.03950507 0.06150049 0.247076 0.2210357 0.3417047 0.3468807 0.1489868 0.29634 0.293288 0.3343685 0.4061605 0.3725141 0.5451624
-9999 -9999 -9999 -9999 -9999 -9999 -9999 -9999 -9999 -9999 -9999 -9999 -9999 -9999 -9999 -9999 -9999 -9999 -9999 -9999 -9999 0.02595579 0.2901644 0.2316471 0.2097493 0.6285442 0.2803859 0.1357934 0.1968661 0.2334905 0.2075395 0.2961901 0.4078649 0.7082842 0.396631 0.3730926 0.381718 0.8019593 0.303023 0.2145697 0.2990631 0.496527 1.077671 0.8605255 1.04184 3.662209 6.250687 2.277648 1.887113 0.8212912 0.3687717 1.833304 1.039468 0.1562351 0.1056398 0.06426693 0.03194075 0.02033056 0.1025426 0.02592711 0.06789784 0.17266 0.2141 0.2501006 0.1405012 0.225575 0.0881467 0.08332618 0.08578521 0.04728346 0.1032594
-9999 -9999 -9999 -9999 -9999 -9999 -9999 -9999 -9999 -9999 -9999 -9999 -9999 -9999 -9999 -9999 -9999 -9999 -9999 -9999 -9999 -9999 0.004602883 0.2209343 0.4062744 0.4835316 0.2873028 0.1407535 0.1621954 0.1934434 0.1369891 0.3161917 0.3945237 0.2587758 0.2782399 0.4228475 0.3720233 0.8801253 0.6298433 0.4681236 0.3099457 0.2710588 0.438601 0.6133546 0.5877075 2.665267 1.464112 0.9194959 0.9725325 1.597619 0.9316557 2.201106 2.041287 0.7999258 0.1357452 0.08089956 0.04432308 0.04191409 0.01740166 0.01459625 0.01144621 0.1211771 0.124178 0.08298988 0.1532124 0.09237628 0.04068218 0.1501301 0.113323 0.04570947 0.05324952
-9999 -9999 -9999 -9999 -9999 -9999 -9999 -9999 -9999 -9999 -9999 -9999 -9999 -9999 -9999 -9999 -9999 -9999 -9999 -9999 -9999 -9999 -9999 0.000104789 1.27765 0.3033636 0.0994126 0.1856564 0.2522233 0.2409771 0.2769209 0.3686911 0.9308257 0.1819875 0.2092864 0.216548 0.2065287 0.704558 0.382552 0.7549012 0.4059846 0.3138227 0.2897519 0.6396671 0.927317 1.104136 2.153045 1.831681 0.6242623 1.280382 1.119647 0.8892913 0.4919333 0.5505861 0.1956733 0.324108 0.2778317 0.08833912 0.01440983 0.007488911 0.00665172 0.05200428 0.06966314 0.009166881 0.08034126 0.09541342 0.1472567 0.1204804 0.09221686 0.08151651 0.13076
-9999 -9999 -9999 -9999 -9999 -9999 -9999 -9999 -9999 -9999 -9999 -9999 -9999 -9999 -9999 -9999 -9999 -9999 -9999 -9999 -9999 -9999 -9999 -9999 0.3388585 0.334074 0.2620336 0.4968046 0.3628988 0.3479402 0.3014601 0.3709163 0.4400262 0.2603014 0.3748829 0.4314571 0.2140964 0.3010391 0.4258654 0.384585 0.4667856 1.266995 2.625474 0.9275649 0.7389529 0.7630478 1.238178 1.051165 0.4730619 0.7329313 0.5285854 0.2528382 0.1251244 0.2403679 0.421158 0.1101821 0.1004667 0.01283291 0.005848425 0.00704414 0.006243294 0.01908958 0.01380045 0.009192259 0.05120859 0.1416852 0.3283632 0.146459 0.1019938 0.1173857 0.1437899
-9999 -9999 -9999 -9999 -9999 -9999 -9999 -9999 -9999 -9999 -9999 -9999 -9999 -9999 -9999 -9999 -9999 -9999 -9999 -9999 -9999 -9999 -9999 -9999 0.0001737117 0.08479056 0.2812416 0.08257948 0.1726238 0.7123001 1.225931 1.186078 1.354757 1.121274 0.7725589 1.015901 0.833419 0.285851 0.6965927 0.8298778 1.346179 5.028968 5.686859 4.323442 2.409607 1.911345 1.807754 1.37662 0.5462714 0.2194811 0.1819993 0.2572365 0.1672569 0.1152353 0.1002999 0.04588136 0.03888403 0.03238232 0.004459912 0.01829743 0.01131513 0.002537433 0.001304943 0.005833702 0.03067628 0.05637672 0.1099099 0.1464979 0.138579 0.1460915 0.1056998
-9999 -9999 -9999 -9999 -9999 -9999 -9999 -9999 -9999 -9999 -9999 -9999 -9999 -9999 -9999 -9999 -9999 -9999 -9999 -9999 -9999 -9999 -9999 -9999 -9999 -9999 0.1013015 0.3157658 0.152097 0.6214015 0.991141 1.850546 1.968416 1.046978 1.133534 0.9124743 3.041498 1.363227 1.194717 2.726401 3.914048 13.45818 1.6873 2.504808 4.793923 5.742359 2.630853 1.47895 1.723408 0.5396966 0.1630262 0.2548304 0.2275866 0.1035006 0.05612767 0.07143374 0.03375703 0.05178491 0.01665941 0.0234558 0.01766173 0.003036034 0.002986265 0.0007131255 0.02619686 0.04091208 0.08783653 0.1288291 0.1417203 0.1527714 0.07644034
-9999 -9999 -9999 -9999 -9999 -9999 -9999 -9999 -9999 -9999 -9999 -9999 -9999 -9999 -9999 -9999 -9999 -9999 -9999 -9999 -9999 -9999 -9999 -9999 -9999 -9999 -9999 0.0173122 0.109236 0.1550237 0.2967883 1.691442 1.162444 4.488524 3.746993 0.8171917 1.526209 4.814288 0.3674707 0.005847263 -9999 -9999 4.564896 7.956959 7.42558 8.361434 1.415405 1.644471 4.296776 0.4647351 0.287145 0.1533975 0.116149 0.06463964 0.04450991 0.05007403 0.0247003 0.05658031 0.09023408 0.06756929 0.01237297 0.02521281 0.006767333 0.01127685 0.008867487 0.03009325 0.0502181 0.04349903 0.03837373 0.07095452 0.06741709
-9999 -9999 -9999 -9999 -9999 -9999 -9999 -9999 -9999 -9999 -9999 -9999 -9999 -9999 -9999 -9999 -9999 -9999 -9999 -9999 -9999 -9999 -9999 -9999 -9999 -9999 -9999 -9999 0.0008449698 0.03410868 0.3074839 0.3241197 0.0002521694 -9999 -9999 0.09509465 0.2615164 -9999 -9999 -9999 -9999 -9999 -9999 2.645867 10.35321 6.370665 2.108601 2.555165 0.8107275 1.249463 0.3531076 0.1745782 0.2017956 0.09800537 0.07218379 0.06576221 1.16704 0.03805981 0.05780284 0.07045919 0.04474521 0.02022184 0.01045594 0.005597791 0.00468947 0.01465021 0.03431721 0.0237308 0.1299095 0.08370826 0.0658307
-9999 -9999 -9999 -9999 -9999 -9999 -9999 -9999 -9999 -9999 -9999 -9999 -9999 -9999 -9999 -9999 -9999 -9999 -9999 -9999 -9999 -9999 -9999 -9999 -9999 -9999 -9999 -9999 -9999 -9999 -9999 -9999 -9999 -9999 -9999 -9999 -9999 -9999 -9999 -9999 -9999 -9999 -9999 -9999 -9999 -9999 1.141497 1.767148 0.7440579 2.263229 0.2878053 0.1403115 0.1242495 0.05844485 0.03313941 0.05324026 0.06533219 0.1145332 0.06659283 0.03494152 0.04255069 0.01961945 0.0131215 0.019883 0.02014793 0.02481713 0.01662329 0.03144969 0.4784693 0.5817306 0.2548442
-9999 -9999 -9999 -9999 -9999 -9999 -9999 -9999 -9999 -9999 -9999 -9999 -9999 -9999 -9999 -9999 -9999 -9999 -9999 -9999 -9999 -9999 -9999 -9999 -9999 -9999 -9999 -9999 -9999 -9999 -9999 -9999 -9999 -9999 -9999 -9999 -9999 -9999 -9999 -9999 -9999 -9999 -9999 -9999 -9999 -9999 -9999 0.1439258 0.6595816 0.7126977 0.1944899 0.1500899 0.09476091 0.07368957 0.04127342 0.03892478 0.06774116 0.0766497 0.06431861 0.06068318 0.08433437 0.03060143 0.01608976 0.0192875 0.02129193 0.07730725 0.04455106 0.04423835 0.4821083 0.3949827 0.9298569
-9999 -9999 -9999 -9999 -9999 -9999 -9999 -9999 -9999 -9999 -9999 -9999 -9999 -9999 -9999 -9999 -9999 -9999 -9999 -9999 -9999 -9999 -9999 -9999 -9999 -9999 -9999 -9999 -9999 -9999 -9999 -9999 -9999 -9999 -9999 -9999 -9999 -9999 -9999 -9999 -9999 -9999 -9999 -9999 -9999 -1e+008 -9999 0.8945239 1.177196 1.24719 0.3526081 0.1139907 0.06636404 0.04500565 0.0356187 0.04413068 0.01756102 0.01845556 0.02194902 0.02237301 0.01949975 0.01980397 0.02179866 0.01436731 0.007706063 0.02965743 0.01555686 0.0721564 0.2583195 0.4824253 0.4212719
-9999 -9999 -9999 -9999 -9999 -9999 -9999 -9999 -9999 -9999 -9999 -9999 -9999 -9999 -9999 -9999 -9999 -9999 -9999 -9999 -9999 -9999 -9999 -9999 -9999 -9999 -9999 -9999 -9999 -9999 -9999 -9999 -9999 -9999 -9999 -9999 -9999 -9999 -9999 -9999 -9999 -9999 -9999 -9999 -1e+008 -9999 -9999 7.027547 0.327655 0.2374235 0.2260611 0.2349029 0.06970917 0.06096194 0.04564738 0.04207303 0.02137061 0.01787252 0.01790245 0.0197939 0.02223533 0.03076635 0.05028499 0.1160675 0.006790255 0.009650935 0.104766 0.4605277 1.301008 0.8633954 3.048018
-9999 -9999 -9999 -9999 -9999 -9999 -9999 -9999 -9999 -9999 -9999 -9999 -9999 -9999 -9999 -9999 -9999 -9999 -9999 -9999 -9999 -9999 -9999 -9999 -9999 -9999 -9999 -9999 -9999 -9999 -9999 -9999 -9999 -9999 -9999 -9999 -9999 -9999 -9999 -9999 -9999 -9999 -9999 -9999 -9999 -9999 0.1253537 1.072834 0.4498751 0.205877 0.2877281 0.2426938 0.1453747 0.1585347 0.1126753 0.04251517 0.06294829 0.01955704 0.02497387 0.02972206 0.02584254 0.02282859 0.01528879 0.01230078 0.01261863 0.01143104 0.06542898 0.5703303 1.61968 1.23562 0.04287549
-9999 -9999 -9999 -9999 -9999 -9999 -9999 -9999 -9999 -9999 -9999 -9999 -9999 -9999 -9999 -9999 -9999 -9999 -9999 -9999 -9999 -9999 -9999 -9999 -9999 -9999 -9999 -9999 -9999 -9999 -9999 -9999 -9999 -9999 -9999 -9999 -9999 -9999 -9999 -9999 -9999 -9999 -9999 0.02363127 -9999 -9999 0.01253667 0.590104 0.3584278 0.3786703 0.429298 1.07483 0.1410329 0.181127 0.1239004 0.0307246 0.03033893 0.01925935 0.005401411 0.01007082 0.02455353 0.02169764 0.01533802 0.01376825 0.01509398 0.01965837 0.2005585 2.224541 1.445834 0.4947883 0.007448093
-9999 -9999 -9999 -9999 -9999 -9999 -9999 -9999 -9999 -9999 -9999 -9999 -9999 -9999 -9999 -9999 -9999 -9999 -9999 -9999 -9999 -9999 -9999 -9999 -9999 -9999 -9999 -9999 -9999 -9999 -9999 -9999 -9999 -9999 -9999 -9999 -9999 -9999 -9999 -9999 -9999 -9999 -9999 -9999 -9999 -9999 -9999 0.05275688 0.3477111 0.4995678 0.2448904 0.2425169 0.144741 0.09589098 0.07582925 0.02950871 0.04192036 0.01543875 0.008507627 0.007989757 0.01579794 0.02647897 0.02812493 0.02289393 0.03255281 0.02739287 0.4714052 2.285479 1.228302 0.3949581 0.5071929
-9999 -9999 -9999 -9999 -9999 0.01257952 -9999 -9999 -9999 -9999 -9999 -9999 -9999 -9999 -9999 -9999 -9999 -9999 -9999 -9999 -9999 -9999 -9999 -9999 -9999 -9999 -9999 -9999 -9999 -9999 -9999 -9999 -9999 -9999 -9999 -9999 -9999 -9999 -9999 -9999 -9999 -9999 -9999 -9999 -9999 -9999 -9999 -9999 0.06913377 0.3054064 0.4009309 0.2815413 0.2160774 2.28595 0.02605765 0.06150905 0.05609937 0.01748948 0.009152413 0.0108554 0.02312257 0.1009658 0.03314048 0.01259065 0.04976451 0.03688294 0.1443484 0.9966753 0.5387844 0.3203699 0.4647592
0.8444623 0.06823 -9999 -9999 -9999 -9999 -9999 -9999 -9999 -9999 -9999 -9999 -9999 -9999 -9999 -9999 -9999 -9999 -9999 -9999 -9999 -9999 -9999 -9999 -9999 -9999 -9999 -9999 -9999 -9999 -9999 -9999 -9999 -9999 -9999 -9999 -9999 -9999 -9999 -9999 -9999 -9999 -9999 -9999 -9999 -9999 -9999 -9999 -9999 1.035094 1.390559 0.6437874 0.5311355 3.702596 0.07436293 0.07051767 0.1806158 0.1128559 0.04265467 0.04691509 0.04994708 0.03638928 0.03184048 0.01212084 0.05446723 0.02324581 0.04912083 0.3023016 0.6549398 0.2587859 0.2985883
1.942417 1.029983 6.168761 -9999 -9999 -9999 -9999 -9999 -9999 -9999 -9999 -9999 -9999 -9999 -9999 -9999 -9999 -9999 -9999 -9999 -9999 -9999 -9999 -9999 -9999 -9999 -9999 -9999 -9999 -9999 -9999 -9999 -9999 -9999 -9999 -9999 -9999 -9999 -9999 -9999 -9999 -9999 -9999 -9999 -9999 -9999 -9999 -9999 -9999 2.18397 1.318291 0.243276 0.170481 0.1724726 0.09330782 0.07210114 0.1083299 0.09038603 0.06384446 0.06677346 0.1872742 0.1004095 0.04199314 0.03076715 0.06385516 0.04854348 0.04090692 0.1032688 0.3155862 0.2120284 0.1701079
0.8779227 0.8036407 2.11424 0.227897 -9999 -9999 -9999 -9999 -9999 -9999 -9999 -9999 -9999 -9999 -9999 -9999 -9999 -9999 -9999 -9999 -9999 -9999 -9999 -9999 -9999 -9999 -9999 -9999 -9999 -9999 -9999 -9999 -9999 -9999 -9999 -9999 -9999 -9999 -9999 -9999 -9999 -9999 -9999 -9999 -9999 -9999 -9999 -9999 -9999 0.05203645 0.3290662 0.1961879 0.3132132 0.4983448 0.394748 0.03913378 0.02837781 0.04983177 0.1076591 0.1011264 0.112123 0.46109 0.1231727 0.04725604 0.03566762 0.03353173 0.03933416 0.08474173 0.1906654 0.1382605 0.1509114
0.8731506 0.935117 5.330948 10.61046 -9999 -9999 -9999 -9999 -9999 -9999 -9999 -9999 -9999 -9999 -9999 -9999 -9999 -9999 -9999 -9999 -9999 -9999 -9999 -9999 -9999 -9999 -9999 -9999 -9999 -9999 -9999 -9999 -9999 -9999 -9999 -9999 -9999 -9999 -9999 -9999 -9999 -9999 -9999 -9999 -9999 -9999 -9999 -9999 -9999 -9999 1.050581 0.2052038 0.4527736 0.4985376 0.4420748 0.1133411 0.02808664 0.06385604 0.1029649 0.09244925 0.06435021 0.103085 0.03726085 0.04051368 0.06483312 0.0494894 0.03595919 0.05010895 0.1143376 0.2520345 0.06613408
0.5087463 2.379472 8.800572 12.27118 -9999 -9999 -9999 -9999 -9999 -9999 -9999 -9999 -9999 -9999 -9999 -9999 -9999 -9999 -9999 -9999 -9999 -9999 -9999 -9999 -9999 -9999 -9999 -9999 -9999 -9999 -9999 -9999 -9999 -9999 -9999 -9999 -9999 -9999 -9999 -9999 -9999 -9999 -9999 -9999 -9999 -9999 -9999 -9999 -9999 0.7318175 0.2699984 2.745549 0.3969946 0.5256812 0.3890452 0.2593844 0.1017553 0.1023176 0.1004299 0.08295795 0.01788541 0.02261253 0.02426075 0.03656377 0.06473763 0.03323442 0.02959683 0.1068799 0.07101823 0.4395167 0.3180934
