data/raw/spatialecon-gecon-v4-gis-ascii/GIS data ASCII/PPP2000/ppp2000sum.asc
ncols         360
nrows         140
xllcorner     -180.0
yllcorner     -56.0
cellsize      1
NODATA_value  -9999
[rows 0 to 30 of 140, columns 213 to 283 of 360]
-9999 -9999 -9999 -9999 -9999 -9999 -9999 -9999 -9999 -9999 -9999 -9999 -9999 -9999 -9999 -9999 -9999 -9999 -9999 -9999 -9999 -9999 -9999 -9999 -9999 -9999 -9999 -9999 -9999 -9999 -9999 -9999 -9999 -9999 -9999 -9999 -9999 -9999 -9999 -9999 -9999 -9999 -9999 -9999 -9999 -9999 -9999 -9999 -9999 -9999 -9999 -9999 -9999 -9999 -9999 -9999 -9999 -9999 -9999 -9999 -9999 -9999 -9999 -9999 -9999 -9999 -9999 -9999 -9999 -9999 -9999
-9999 -9999 -9999 -9999 -9999 -9999 -9999 -9999 -9999 -9999 -9999 -9999 -9999 -9999 -9999 -9999 -9999 -9999 -9999 -9999 -9999 -9999 -9999 -9999 -9999 -9999 -9999 -9999 -9999 -9999 -9999 -9999 -9999 -9999 -9999 -9999 -9999 -9999 -9999 -9999 -9999 -9999 -9999 -9999 -9999 -9999 -9999 -9999 -9999 -9999 -9999 -9999 -9999 -9999 -9999 -9999 -9999 -9999 -9999 -9999 -9999 -9999 -9999 -9999 -9999 -9999 -9999 -9999 -9999 -9999 -9999
-9999 -9999 -9999 -9999 -9999 -9999 -9999 -9999 -9999 -9999 -9999 -9999 -9999 -9999 -9999 -9999 -9999 6.069302e-005 -9999 -9999 -9999 5.179087e-005 8.716429e-005 0.0002117436 0.0003078625 0.0003126235 0.0001002402 7.450305e-005 7.324195e-005 7.262055e-005 9.48762e-005 0.0001496994 4.686284e-005 -9999 -9999 -9999 -9999 -9999 -9999 -9999 -9999 -9999 -9999 -9999 -9999 -9999 -9999 -9999 -9999 -9999 -9999 -9999 -9999 -9999 -9999 -9999 0 2.635966e-005 2.048962e-005 -9999 1.288227e-006 1.495848e-005 4.660511e-005 1.367353e-005 -9999 -9999 -9999 -9999 -9999 -9999 -9999
-9999 -9999 -9999 -9999 -9999 -9999 -9999 -9999 -9999 -9999 -9999 1.796974e-006 0.0001021623 0.0002432931 0.0003585299 0.0004832042 0.0004822953 0.0004404447 0.0001331148 0.0001169192 0.0002326307 0.0002746562 0.0003245131 0.0006494106 0.0006488989 0.0004180964 0.0003279959 0.0005236168 0.0004407214 0.0001015829 0.0002988477 0.0002875809 5.735675e-005 -9999 -9999 -9999 -9999 -9999 -9999 -9999 -9999 -9999 -9999 -9999 -9999 0 2.255796e-005 8.444318e-006 -9999 -9999 -9999 -9999 -9999 -9999 -9999 -9999 -9999 0 1.987274e-005 7.282456e-005 0.0001991396 0.0002073578 0.0002017354 0.0001942246 9.589172e-005 7.707898e-006 4.074178e-006 -9999 -9999 -9999 -9999
-9999 -9999 -9999 -9999 -9999 -9999 -9999 -9999 -9999 -9999 -9999 -9999 -9999 -9999 -9999 -9999 -9999 6.268494e-005 3.474669e-005 -9999 -9999 -9999 -9999 -9999 -9999 2.924912e-005 6.456709e-005 -9999 -9999 -9999 -9999 -9999 -9999 -9999 -9999 -9999 -9999 -9999 -9999 -9999 -9999 -9999 -9999 2.072837e-005 9.827811e-006 -9999 -9999 -9999 -9999 -9999 -9999 -9999 -9999 -9999 -9999 -9999 -9999 -9999 4.144666e-005 7.716731e-005 5.961103e-005 0.0001483112 0.0002350644 0.0002441788 0.0002301877 0.0002319047 0.0002046809 7.784129e-006 4.828105e-005 7.583929e-005 2.714015e-005
-9999 -9999 -9999 -9999 -9999 -9999 -9999 -9999 -9999 -9999 -9999 -9999 -9999 -9999 -9999 -9999 -9999 -9999 -9999 -9999 -9999 -9999 -9999 -9999 -9999 -9999 -9999 -9999 -9999 -9999 -9999 -9999 -9999 -9999 -9999 -9999 -9999 -9999 -9999 -9999 -9999 -9999 -9999 -9999 -9999 -9999 -9999 -9999 -9999 -9999 -9999 -9999 -9999 -9999 -9999 -9999 -9999 -9999 -9999 -9999 1.906134e-006 -9999 0 2.290507e-006 3.89262e-005 5.434966e-005 6.446462e-005 0.0001602483 0.0002179982 0.0002064338 0.000204425
-9999 -9999 -9999 -9999 -9999 -9999 -9999 -9999 -9999 -9999 -9999 -9999 -9999 -9999 -9999 -9999 -9999 -9999 -9999 -9999 -9999 -9999 -9999 -9999 -9999 -9999 -9999 -9999 -9999 -9999 -9999 -9999 -9999 -9999 2.386745e-007 0 -9999 -9999 -9999 -9999 -9999 -9999 -9999 -9999 -9999 -9999 -9999 -9999 -9999 3.475295e-006 -9999 -9999 -9999 -9999 -9999 6.19606e-006 1.678216e-005 -9999 1.857158e-006 0 -9999 -9999 1.092863e-005 2.001503e-005 -9999 -9999 6.040402e-006 3.980058e-006 3.924205e-005 0.0001290936 0.0001880303
-9999 -9999 -9999 -9999 -9999 -9999 -9999 -9999 -9999 -9999 -9999 -9999 -9999 -9999 -9999 -9999 -9999 -9999 -9999 -9999 -9999 -9999 -9999 -9999 -9999 -9999 1.292743e-005 0.0001323448 0.0004216926 0.0003677693 0.0004448814 0.0006042336 0.0008493769 0.001268704 0.001277008 0.0007820623 -9999 -9999 -9999 -9999 -9999 -9999 -9999 -9999 -9999 -9999 -9999 -9999 -9999 -9999 -9999 -9999 -9999 -9999 -9999 -9999 -9999 -9999 -9999 7.91957e-007 2.074967e-005 5.506345e-005 9.133882e-005 5.924979e-005 2.850082e-005 5.963662e-005 0.0001131785 0.0001521366 0.0002958987 0.0003167905 0.000363651
-9999 -9999 -9999 -9999 -9999 -9999 -9999 -9999 -9999 -9999 -9999 -9999 -9999 -9999 -9999 -9999 -9999 -9999 -9999 -9999 -9999 -9999 3.522673e-005 0.0002899047 0.0006841267 0.001225074 0.001534323 0.001573887 0.00119487 0.0008570428 0.0006093963 0.000422246 0.0002103924 2.982688e-005 -9999 -9999 -9999 -9999 -9999 -9999 -9999 -9999 -9999 -9999 -9999 -9999 -9999 -9999 2.322162e-005 2.908714e-005 3.549221e-006 -9999 -9999 2.877685e-006 3.351373e-005 8.993114e-005 0.0001606547 0.0002064524 0.0002280527 0.0002661566 0.0003169514 0.0003385772 0.0003334098 0.0003212041 0.0003320158 0.0003398624 0.0003516281 0.0004735248 0.0005295298 0.0005877207 0.0006565185
-9999 -9999 -9999 -9999 -9999 -9999 -9999 -9999 -9999 -9999 -9999 -9999 -9999 -9999 -9999 -9999 -9999 -9999 -9999 -9999 -9999 6.050661e-005 0.0006311368 0.001564801 0.001730444 0.001335298 0.0006847694 0.0001810486 -9999 -9999 -9999 -9999 -9999 -9999 -9999 -9999 -9999 -9999 -9999 -9999 -9999 -9999 -9999 -9999 -9999 -9999 8.028383e-006 -9999 -9999 1.026209e-005 1.259328e-005 1.293715e-005 6.06445e-005 0.0001828745 0.0003392209 0.0003629227 0.0003629227 0.0003629227 0.0003629227 0.0003629227 0.0003629227 0.0003629227 0.0003629227 0.0003629227 0.0003646444 0.0003931859 0.0004204282 0.0006082454 0.0007020429 0.0007020429 0.0007020429
-9999 -9999 -9999 -9999 -9999 -9999 -9999 -9999 -9999 -9999 -9999 -9999 -9999 -9999 -9999 -9999 -9999 -9999 -9999 -9999 0.0004215559 0.001481864 0.001812906 0.001508028 0.0006031001 1.092669e-005 -9999 -9999 -9999 -9999 -9999 -9999 -9999 -9999 -9999 -9999 8.250418e-005 0.00367781 0.001408702 -9999 -9999 0.0006174756 0.0004227578 0.000453975 -9999 0 9.287594e-006 9.194842e-005 0.000231899 0.0002461413 0.0002512276 0.0002833375 0.000292526 0.0003443871 0.0003799172 0.00106401 0.001530132 0.001701999 0.0006269037 0.0004624653 0.0004509751 0.0004240082 0.0004367605 0.0006228618 0.0007204685 0.0007462798 0.0007462798 0.0007462798 0.0007462798 0.0007462798 0.0007462798
-9999 -9999 -9999 -9999 -9999 -9999 -9999 -9999 -9999 -9999 -9999 -9999 -9999 -9999 -9999 -9999 -9999 -9999 9.659973e-005 0.0007695509 0.001940498 0.002016904 0.00124099 7.043041e-005 -9999 -9999 -9999 -9999 -9999 -9999 -9999 -9999 -9999 -9999 -9999 0.0014222 0.008354956 0.008462021 0.008380735 0.005405931 -9999 0.001362507 0.004253661 0.0004050744 0.003573845 0.003149731 0.0006520308 0.0001712847 0.0002669856 0.0005207662 0.0007869599 0.0007257933 0.001398022 0.004622396 0.004665633 0.006240427 0.008080507 0.008085965 0.006602515 0.002631434 0.0008139359 0.0007903014 0.0007903014 0.0007903014 0.0007903014 0.0007903014 0.0007903014 0.0007903014 0.0007903014 0.0007903014 0.0007903014
-9999 -9999 -9999 -9999 -9999 -9999 -9999 -9999 -9999 -9999 -9999 -9999 -9999 -9999 -9999 -9999 -9999 -9999 0.000514727 0.001347422 0.001668303 0.002097318 0.001637411 0.0002101088 -9999 -9999 -9999 -9999 -9999 -9999 -9999 -9999 -9999 0.0004389048 0.004001816 0.008319826 0.01017589 0.01017589 0.009956091 0.00285916 0.005693093 0.01134267 0.005794273 0.006666683 0.007911524 0.01040025 0.008191053 0.00220641 0.00107102 0.0007433436 0.0009935199 0.001420679 0.001420679 0.001420679 0.001420679 0.004375465 0.008460625 0.008526679 0.008526679 0.008526679 0.00382189 0.0008333619 0.0008333619 0.0008333619 0.0008333619 0.0008333619 0.0008333619 0.0008333619 0.0008333619 0.0008333619 0.0008333619
-9999 -9999 -9999 -9999 -9999 -9999 -9999 -9999 -9999 -9999 -9999 -9999 -9999 -9999 -9999 -9999 -9999 -9999 -9999 0 0.0001912698 0.0006524349 0.00081409 0.0008028267 0.0002526749 0.0003401298 0.0006171167 2.153803e-005 -9999 -9999 -9999 -9999 -9999 0.0007448128 0.008132304 0.0107083 0.0107083 0.009551435 0.01070044 0.00709788 0.0008922765 0.01100459 0.01216348 0.01228243 0.01224225 0.01167432 0.01026446 0.005201661 0.001485693 0.001151823 0.001061895 0.001493672 0.001716351 0.005177569 0.004577679 0.006510064 0.008933364 0.008964818 0.008964818 0.008810299 0.004218832 0.0008762106 0.0008762106 0.0008762106 0.0008762106 0.0008762106 0.0008762106 0.0008762106 0.0008762106 0.0008762106 0.0008762106
2.636364 0.1805053 0.1810527 0.04229039 -9999 -9999 -9999 -9999 -9999 -9999 -9999 -9999 -9999 -9999 -9999 0.0007359543 0.001012189 0.0001184741 -9999 -9999 -9999 0 -9999 -9999 -9999 5.117977e-005 0.0004883218 0.001163831 0.001856517 0.001706296 0.001485145 0.001309229 0.001479551 0.0008622067 0.004985575 0.01011934 0.01100581 0.01054302 0.01117538 0.006439935 0.002886233 0.01125228 0.01002731 0.01098251 0.01290253 0.01281852 0.007403377 0.004143622 0.004025216 0.002252795 0.001458485 0.003050357 0.008500073 0.009159162 0.008169467 3.386007 0.008666303 0.008738235 0.008597145 0.002477099 0.0009104624 0.0009017208 0.0008445326 0.0007958149 0.0007483095 0.0007267728 0.0007057769 0.0007438206 0.0007672734 0.0008087292 0.0008304951
1.467825 0.04694513 0.05204937 0.1778427 0.1465263 0.005107364 0.001445127 0 -9999 -9999 0.0002189221 0.001137362 0.001207757 0.0002964012 -9999 0.0004803988 0.0003940611 0.0006284101 0.001138867 0.001356396 0.001743727 0.0006294741 0.001353129 0.001475112 0.00160913 0.002214368 0.001325728 0.001843905 0.002444054 0.002457486 0.004065971 0.1094251 0.1252745 0.009501126 0.006357845 0.004748203 0.01162024 0.01168166 0.01150968 0.01068896 0.002395786 0.009962559 0.03018154 0.03960563 0.01003771 0.01334885 0.01350218 0.01350218 0.01350218 0.01108002 0.005892258 0.007977941 0.01007809 0.01049679 0.009278873 0.00901991 0.009106506 0.008424904 0.008965315 0.008650536 0.005870931 0.001121679 0.0006910343 0.0006942566 0.0006942566 0.0006942566 0.0006942566 0.0006942566 0.0006942566 0.0006570916 0.0006942566
0.8015875 0.2710725 0.01538397 0.01480215 0.01476241 0.01476241 0.01475677 0.01202593 0.001453527 -9999 0.0001698999 0.002279596 0.001152763 0.0003174562 0.0003101724 0.001780438 0.0023876 0.00253114 0.002565294 0.002818967 0.0031272 0.1828157 0.003278465 0.003225056 0.003171689 0.003533746 0.004381765 0.00368585 0.01170893 0.1226596 0.3953029 0.5653986 0.5181071 0.05515567 0.01073561 0.01077473 0.01199622 0.01227278 0.01164554 0.007007031 0.001162102 0.01768305 0.02789934 0.03603025 0.03284002 0.01821814 0.01375294 0.01410093 0.01395452 0.008624195 0.00620877 0.008504495 0.05620227 0.06587028 0.03694732 0.01638286 0.008165483 0.00820087 0.005192684 0.001095123 0.0007088451 0.0007142197 0.0007108354 0.0007245301 0.0007250789 0.0007250789 0.0007250789 0.0007250789 0.0007250789 0.0007250789 0.0007250789
0.03152402 0.01320626 0.01371995 0.01615338 0.01836339 0.01904182 0.01666066 0.008904954 0.003740423 0.007617278 0.004582055 0.005703174 0.004008919 0.002403222 0.002493749 0.003412736 0.005981566 0.01131023 0.01862012 0.02441607 0.03535612 0.03479225 0.03190191 0.0319023 0.6476222 0.0533934 0.1240739 0.1242929 0.1310276 0.3657529 0.5082389 0.2394387 0.01464977 1.412617 0.01118504 0.01182711 0.01512951 0.01530648 0.01192813 0.01381985 0.02482405 0.02904471 0.03215606 2.207793 0.05105722 0.04971345 0.02739283 0.0117886 0.01125422 0.008965035 0.007723277 0.005806357 0.02289568 0.05735008 0.02566152 0.005602687 0.003603382 0.001231528 0.0007553154 0.0007552981 0.0007264984 0.0007346784 0.0007464523 0.0007554301 0.0007554301 0.0007554301 0.0007554301 0.0007554301 0.0007554301 0.0007554301 0.0007554301
0.03072393 0.01959768 0.007684846 0.0023715 0.00329022 -9999 0.004674774 0.03628438 0.02939265 0.02303628 0.02015646 0.01769653 0.01750769 0.01679047 0.01510568 0.01772123 0.02403182 0.02539085 0.02539085 0.02986553 0.07439653 0.07468034 0.04928013 0.04711824 0.8264496 0.05904312 0.1124346 0.1324257 0.1496827 0.07977971 0.01924579 0.01924579 0.01890072 0.01872739 0.01543486 0.01231096 0.01448596 0.02461455 0.03021771 1.124324 0.03021771 0.03021771 0.03819084 0.05246941 0.05311995 0.05311995 0.04426214 0.01139912 0.008983651 0.008983651 0.009171247 0.008723395 0.006036321 0.006036321 0.005724252 0.005011555 0.001460348 0.0007823819 0.000775428 0.000785391 0.000785391 0.000785391 0.000785391 0.000785391 0.000785391 0.000785391 0.000785391 0.000785391 0.000785391 0.000785391 0.000785391
0.06141508 0.163405 0.02484366 0.01077239 0.02723041 0.03171553 1.639077 3.032432 0.06130388 0.06097739 0.0506272 0.04390819 0.02850948 0.02428537 0.02524319 0.02445645 0.02805824 0.03395507 0.07071729 0.2792582 0.1816985 0.08634766 0.0815 0.05153477 0.0392695 0.03817696 0.0446556 0.07021904 0.05802184 0.05116166 0.03356761 0.03425822 0.03760928 0.02741359 0.02196291 0.02137692 0.02206746 0.02811118 0.03137213 0.03137213 0.03137213 0.03796829 0.04906558 0.05514915 0.05514915 0.05499249 0.0420458 0.008984362 0.009325025 0.00932674 0.00932674 0.009230711 0.009702553 0.006296127 0.005913433 0.006271765 0.005123672 0.003724548 0.002557422 0.0008073584 0.0008062654 0.0008075587 0.000811156 0.000816049 0.000816049 0.0008063893 0.0008061774 0.0008062318 0.0008121333 0.000816049 0.000816049
0.07127903 0.2731465 0.07169338 0.04961703 0.0296014 0.2000809 0.05589955 0.09949415 0.08156379 0.07693113 0.0576585 0.05281392 0.04884603 0.04670904 0.04180488 0.03957326 0.04361813 0.07869283 0.09695145 0.33859 0.9192024 0.2223045 0.1021411 0.04275678 0.2509176 0.03049082 0.04403934 0.06012004 0.06012004 0.06012004 0.06012004 0.07777411 0.1166203 0.6399741 0.03758616 0.03758616 0.03811159 0.04339232 0.05241822 0.06928754 0.07188043 0.6717116 2.154293 0.05974309 0.05714337 0.05714337 0.04478374 0.02334248 0.009838457 0.009664109 0.009664109 0.009664109 0.009611199 0.006503297 0.0061209 0.006468595 0.006475091 0.006503297 0.006146009 0.003317654 0.002848771 0.001665892 0.001023812 0.0008394277 0.0008379677 0.0008435878 0.0008969333 0.001144957 0.00118187 0.001084407 0.0008461813
0.06707574 0.2757204 0.07866701 0.07609861 0.0782629 0.09862895 0.1078485 0.1413741 0.104629 0.0744736 0.07042731 0.05566256 0.0505761 0.05634066 0.05923156 0.07079203 0.2446478 0.2184046 0.1002521 0.09752974 0.2371332 0.2713001 0.06833126 0.04358855 0.04358855 0.04358855 0.05995192 0.06222564 0.08050502 0.1248079 0.1416214 0.1703588 2.31085 0.2130187 0.1061519 0.06428498 0.06580278 0.07537075 0.1433598 0.1478097 0.1474075 1.748282 0.14659 0.09484098 1.597518 0.05474191 0.05421609 0.05196989 0.04528937 0.04179586 0.03120414 0.01785718 0.008004218 0.006721382 0.006721382 0.006492817 0.0065619 0.005946063 0.004569553 0.00416397 0.004192446 0.004192446 0.004128309 0.003442951 0.004025087 0.003310839 0.003582304 0.003352585 0.003216966 0.003088926 0.002725621
0.14999 1.537651 0.03870293 0.09092925 0.1216661 0.1041419 0.1265047 0.1737763 0.2311962 0.2019034 0.1375956 0.1214456 0.1143423 0.6458211 0.3730143 0.09456403 0.2636352 2.006242 1.221533 0.09556446 0.1003571 0.1033448 0.0934867 0.06945248 0.06744978 0.07040379 0.07125233 0.06391107 0.1215456 0.212673 0.4824592 0.4633753 0.3646151 0.1999186 0.1496772 0.07017045 1.240094 0.0906536 0.1559844 3.318179 8.771927 0.1366852 1.504738 0.2916352 0.05299831 0.05299831 0.05165138 0.05299831 0.05299831 0.05299831 0.0522055 0.04934416 0.03159044 0.01420782 0.01272646 0.009805793 0.006485801 0.006344672 0.004304143 0.007424974 0.007091236 0.006459454 0.004563053 0.00433749 0.00433749 0.00433749 0.003846191 0.003328311 0.003328311 0.003328311 0.003328311
0.243528 0.1803184 0.1240239 0.1852997 0.1664471 0.2115519 0.2284066 0.2387473 0.2155226 0.2314389 0.1799118 0.16269 0.1878218 0.5932221 0.1871859 0.1412827 0.1673493 0.1281754 0.08561563 0.1210823 0.1047071 0.09418206 0.1038296 0.0989389 0.1009428 0.1086167 0.5323317 0.1817042 0.07280403 0.05886211 0.1595311 1.535332 0.1341924 0.1239218 0.09028842 0.08979341 0.0915332 0.1672484 0.2136404 1.461432 0.2061202 0.1471183 0.0636168 8.645409 0.02746638 0.6762061 0.02992698 0.02947265 0.03318445 0.03050599 0.02468112 0.02726009 0.02817398 0.02817398 0.02817398 0.02719721 0.02208195 0.02227024 0.02289249 0.02808653 0.02932688 0.02931336 0.009464128 0.004474047 0.004474047 0.004474047 0.008138534 0.003762541 0.003433028 0.003433028 0.003433028
0.557657 0.2293809 0.1922389 0.2619289 3.331267 0.4828756 3.315504 0.7541339 0.2291144 0.1906494 0.1436705 0.1857589 0.2193681 0.1949874 0.1238775 0.1635861 0.18417 0.0871747 0.1253471 0.1886219 0.2222356 0.6481147 0.3122692 2.448413 0.504723 0.6114081 0.4084874 1.78092 0.1399587 0.04696455 0.03190135 0.05170085 0.09594794 0.1367998 0.1425376 0.1139483 0.08185744 0.0838142 0.1194252 0.1665751 0.1624614 0.1624614 0.1345841 0.04272721 0.02344161 0.02341691 0.02327203 0.02388952 0.02441515 0.02724809 0.03963636 0.04258492 0.04259746 0.04260026 0.03747659 0.03173747 0.02905289 0.02853125 0.02872143 0.03018135 0.03024174 0.04686407 0.06163744 0.04544374 0.057554 0.065276 0.08274525 0.07101715 0.06130804 0.0326675 0.007847245
0.4451201 0.6238239 0.3354468 0.3096576 0.3812092 0.2795501 0.5351465 0.5990479 0.4800006 0.3177767 0.2244981 0.2566089 0.4168111 0.2186762 0.1982577 0.5055192 3.198517 1.159878 0.338754 1.103693 0.3386138 0.6911215 1.36468 5.802291 1.943795 0.4267797 1.71229 1.339374 0.2349637 0.2558547 0.2279971 0.09148192 0.5106945 0.2335026 0.3129828 3.758569 0.1812294 0.1361826 0.08729678 0.0808906 0.08316049 0.0765983 0.04266691 0.02501489 0.02520795 0.02697137 0.02740839 0.03152636 0.06310868 0.4464377 0.1182455 0.0699257 0.0639933 0.08311989 0.06824699 0.03621278 0.02995446 0.02987678 0.02950575 1.257615 0.07624251 0.1102336 0.09941631 0.08646613 0.08656111 0.08605357 0.08444191 0.08213659 0.06800026 1.112997 0.0446605
0.6679051 0.851728 0.6867023 0.4622303 0.5705059 2.936088 6.57171 3.427739 1.46692 0.8584675 0.3255646 0.3772742 0.5643017 0.6323642 0.4306042 0.4237449 0.4268696 0.2886041 0.3202893 0.5846151 0.6925579 1.512003 1.071318 4.587246 0.5372677 0.3811785 2.995039 3.30288 2.61246 0.5409067 1.017001 0.4618798 9.775087 1.070358 0.7015694 0.3864558 0.3944487 0.1844622 0.1067017 0.07626949 0.1212271 0.08106456 0.08201668 0.04333908 0.03858228 0.03775945 0.03702408 0.04749468 0.09215462 0.1410027 0.2858904 0.3619205 0.7094547 0.1323334 0.09425857 0.0831515 0.09468792 0.1053303 0.1193575 0.2068557 0.254511 0.1653122 0.1739114 0.1854017 0.1032248 0.08037603 0.1178044 0.1030265 0.04705334 0.07284231 0.1711048
0.2397825 0.8119806 2.844556 2.759358 2.97159 3.360502 1.025559 3.614531 2.202402 0.9470288 13.33531 3.307853 0.5914522 0.4536566 3.868348 0.5662752 1.171901 1.270139 1.003962 1.189866 6.135796 2.295474 0.910189 0.7895671 1.047621 0.7648795 1.616902 13.59861 2.861183 1.568509 1.299174 0.4620243 0.9185793 3.203475 1.254557 1.27143 3.073201 0.8823585 0.1813734 0.104825 0.1617424 0.4036811 0.1832844 0.1333701 0.1057758 0.04869497 0.04873071 0.06046341 0.06771541 0.08724684 0.3782277 5.563509 0.7093229 1.20876 0.5172919 0.2821019 0.4870761 2.694274 0.3564265 8.792433 1.431058 0.5154485 1.883342 0.4769282 0.305114 0.2847719 0.1270549 0.1398963 2.749846 0.1399376 0.2146877
0.683042 0.7396211 0.9272722 4.020174 255.977 10.1724 2.345587 1.133491 0.8961418 2.541083 2.489918 1.115997 1.030299 0.9984998 1.516701 4.279782 10.37461 1.778054 3.031411 7.387897 1.007156 1.233404 1.05826 0.7205246 0.5675117 0.5680239 2.134261 2.080564 10.13811 0.5275985 0.4216925 0.4561864 2.456993 0.2842737 0.3047265 0.4592995 1.144222 0.3799948 0.3211728 0.4948482 4.31448 0.5897372 0.3592937 0.324596 0.2241779 0.7750723 0.1017407 0.1569228 0.242136 5.366109 2.370302 1.273895 0.8081965 5.279891 0.2300297 0.218298 0.9165424 0.555895 0.3052437 3.224531 0.4765276 0.9576353 0.2629462 0.3072906 0.08253532 0.4216137 0.06625072 0.1428702 0.151879 0.1500872 0.08747042
0.4751742 0.4618156 0.5958006 2.329557 6.253732 2.901968 4.141859 0.6923383 0.9553328 0.6569092 0.752449 1.057984 2.738826 0.8889987 0.8554233 4.532816 1.259454 1.229728 0.9977919 3.843179 3.143553 1.354097 2.896053 7.214961 0.6862049 1.205615 1.417747 1.209613 2.376045 0.4266686 0.3343468 0.3464585 0.3057073 0.2651533 0.3298599 0.3872449 1.717722 0.3474808 0.543995 0.5072735 4.741295 0.5310876 0.3021685 0.2332916 0.2792421 0.2975608 0.297173 0.2662976 0.3486232 1.380233 5.257431 0.3927537 0.5401133 4.657004 0.2034914 0.08079925 0.290686 0.2858369 0.3254274 0.2741586 0.233798 0.2266117 0.1752555 0.07577015 0.05265132 0.364278 0.2346941 0.6338218 0.25272 0.313141 0.06094752
0.8157913 3.206871 0.5759308 1.099778 1.528648 3.355125 1.426078 0.839417 0.8794864 0.5975969 0.7191718 1.520421 2.170923 1.080532 0.5939781 2.214767 7.31412 11.45825 1.364551 1.29318 0.693642 0.6509976 1.863922 2.825368 0.1997136 1.959365 2.427436 0.6584577 0.4217512 0.3412639 2.238166 0.2681654 0.2562807 0.2600492 0.3553494 0.3724302 1.230452 0.4011027 0.2075747 0.1696384 0.2133398 0.283091 0.211326 0.2540154 0.3427373 0.6716115 0.2781428 0.2229452 0.4470159 0.3935307 3.586801 0.726764 0.2311419 1.97287 6.370543 1.024363 0.3276273 0.33926 3.50072 0.3075882 0.1851938 0.1461286 0.07003067 0.02951822 0.02353979 0.03843971 0.06695684 0.154144 0.4296547 0.8886555 1.226123
