data/raw/spatialecon-gecon-v4-gis-ascii/GIS data ASCII/PPP2000/ppp2000sum.asc
ncols         360
nrows         140
xllcorner     -180.0
yllcorner     -56.0
cellsize      1
NODATA_value  -9999
[rows 31 to 61 of 140, columns 213 to 283 of 360]
0.7979721 0.6740353 1.435299 3.169046 1.205428 2.037373 5.364678 1.553991 2.78853 0.7313035 0.7665731 0.6709767 0.5832156 0.5702687 1.66951 0.6755169 1.319904 0.6978336 0.5879328 1.137837 0.6364778 0.4559846 1.436774 0.5086813 0.2614481 0.8746989 0.3327639 0.297315 0.4876588 0.4894928 0.595077 0.2406024 0.1926027 0.2769108 0.2590479 0.27106 0.3525612 0.5779122 0.1888568 0.133612 0.1472481 0.09468327 0.1213579 1.237714 1.557247 0.272775 0.2833379 0.3019281 0.3088353 0.4232725 0.2826519 0.3663754 1.474568 0.1842106 0.316186 0.1438928 0.1136432 0.1643764 0.2687645 0.1369263 0.102302 0.03522835 0.008091062 0.003389361 0.003474476 0.006600641 0.007600167 0.01352515 0.1002293 0.2500475 3.965777
1.640425 1.086574 1.652643 3.845145 3.093421 1.166781 6.721337 1.035259 0.8831099 1.193344 1.116034 0.4804667 4.596659 3.836044 0.9501613 0.6153768 0.3175174 0.2708258 1.458588 0.3589137 0.3823045 0.5471908 4.681065 0.4304199 0.7786805 3.317957 0.3446461 0.2116977 0.1508312 0.1240039 0.1314495 0.09130706 0.17454 0.2091495 0.1759034 0.3898356 0.2582764 0.3060049 1.990553 0.1948421 0.1688091 0.05994226 0.8802083 0.101535 0.103248 0.1522235 0.1647055 0.2076219 1.110481 0.2997409 0.1582575 0.1691623 0.1916852 0.3262762 0.03952022 0.06985073 0.09270421 0.09105937 0.06962933 0.08050954 0.0653332 0.3203801 0.01593769 0.01204305 0.01413991 0.01726986 0.01776323 0.01508135 0.04546679 0.09546247 0.2968067
1.336179 2.456088 1.413248 7.34216 1.44145 1.861131 1.559597 1.065977 0.8940702 0.6039693 0.8753673 0.6071983 1.31881 0.4257603 0.3303548 0.3257982 0.1180058 0.1353331 0.1338794 0.1417396 0.148138 0.2105635 0.2206699 0.2568463 1.568113 0.3231811 0.3767421 0.08773399 0.06797156 0.04945523 0.04057488 0.05296316 0.07639881 0.4653478 0.09598454 0.09437573 0.080091 0.1088595 0.1590076 0.8980513 0.9546078 0.1491488 0.08903539 0.07146765 0.05664718 0.08624583 0.1163912 1.729116 0.4023103 1.004481 0.7554678 0.1158322 0.0518096 0.04656534 0.03086263 0.02247626 0.03000221 0.04994201 0.04487634 0.02051345 0.0299115 0.03265575 0.02266462 0.01925333 0.02702464 0.02010286 0.01891168 0.01638673 0.01891168 0.05169276 0.08919783
3.033081 2.830074 1.250312 5.375612 1.320373 0.9371052 0.651471 0.6292722 0.3903508 0.3665565 0.6061492 0.4263254 0.4415163 0.2048319 0.09533314 0.09265373 0.0807215 0.06012318 0.07938578 0.08158085 0.08614612 0.08596808 0.1083486 0.1626953 0.19941 0.1281575 0.05578081 0.03956888 0.02870028 0.03384725 0.03594899 0.04011158 0.06078668 0.05061911 0.02966535 0.06021726 0.06507287 0.05286357 0.09408815 2.749355 2.553768 0.1224465 0.09473277 0.07713213 0.03695851 0.03155507 0.04612994 0.1030635 0.155328 1.478921 0.2721155 0.5134725 0.1056907 0.08859661 0.03789162 0.02590761 0.02616894 0.02465281 0.02494043 0.0239458 0.02136617 0.02494074 0.02209843 0.01941837 0.01948392 0.01920628 0.01905828 0.0200173 0.01760893 0.01200454 0.01343062
2.341406 4.764476 5.468582 1.421904 8.033257 9.128346 4.412752 2.056644 0.560776 0.4331914 0.5724326 8.900367 0.3674455 0.3826087 0.05277101 0.0507399 0.04617465 0.06949214 0.09425017 0.07553024 0.05506247 0.06104275 0.03735257 0.04658335 0.08411137 0.05470213 0.04375136 0.02810386 0.02020747 0.01656514 0.02267735 0.02526369 0.01602419 0.01186816 0.02545572 0.01418727 0.02871404 0.1268148 0.0246082 0.0463749 0.05750234 0.05485455 0.05812399 0.05875415 0.03467824 0.02535894 0.05638738 0.1234006 0.1289074 0.1342181 0.1207227 0.1278197 0.1150745 0.152072 0.1698748 0.09541195 0.02729202 0.02508672 0.02068522 0.01958046 0.01982192 0.02116996 0.02045457 0.01962543 0.01933916 0.02116431 0.02275364 0.02691112 0.02829365 0.01622655 0.01104567
3.278992 2.679612 5.485306 1.051628 7.030519 3.733788 7.879232 3.76192 0.8616592 1.396367 0.3626192 0.1447472 0.08879087 0.1533261 0.1687477 0.1592177 0.1070539 0.1040187 0.8650462 0.275925 0.08210585 0.09864899 0.02497094 0.01975991 0.02319197 0.03988578 0.03951744 0.04077638 0.0676197 0.04442776 0.01477574 0.009724252 0.009890041 0.009991466 0.9709716 0.01046216 0.02342073 0.02554939 0.03758423 0.03507276 0.03215434 0.02903608 0.03273148 0.01871055 0.02353401 0.02466208 0.09125409 0.150111 0.1925116 0.1106908 0.2341985 0.1625544 0.1562641 0.1055675 0.1629559 0.1388265 0.04899337 0.03907515 0.02119868 0.01860397 0.01751876 0.01165129 0.01382868 0.01928118 0.01997263 0.01860015 0.02141144 0.02834784 0.02946201 0.02907731 0.01855991
0.9933016 0.6211342 1.352041 0.8910519 0.08687972 1.458587 1.612521 1.169332 1.064611 0.4122866 0.2537039 0.4716442 0.05109132 0.07839297 1.536463 1.709959 0.09047825 0.02047615 0.008395516 0.02245879 0.08956948 0.08681048 0.06188684 0.03294066 0.02258263 0.03969742 0.04809398 0.032468 0.05869241 0.06200563 0.0432315 0.03667947 0.02700186 0.01979122 0.01165685 0.01433333 0.02531226 0.02530809 0.03148286 0.03496629 0.02399441 0.3337487 0.1044562 0.04919396 0.05007035 0.02485518 0.05499382 0.1418359 0.1601064 0.2145879 0.3913368 0.279209 0.1508257 0.04008463 0.0450637 0.0484352 0.0519436 0.06825982 0.02255751 0.02051454 0.01679726 0.00853043 0.007578126 0.009281617 0.01240781 0.01253048 0.01262086 0.01354429 0.02451578 0.03166204 0.03169017
1.18856 1.180459 0.5494266 0.7589963 1.292673 3.865747 5.173202 2.923732 3.409691 1.335451 0.7867534 0.2972649 0.1090923 0.0607301 0.3392994 0.1512731 0.001489344 0 0.00857454 0.01097359 0.02426019 0.01870438 0.03334472 0.02731317 0.01741551 0.0148841 0.003247845 0.002803755 0.05479148 0.05600833 0.04292679 0.04722358 0.05107811 0.05137666 0.04722957 0.0345819 0.03231368 0.03226598 0.03457462 0.03705294 0.02709433 0.03996257 0.0421815 0.07752975 0.1063867 0.6416852 0.2722462 0.2840463 0.219273 0.2213173 0.1040319 0.2560056 0.3774246 0.175087 0.1993669 0.07119859 0.07023425 0.1146814 0.03592512 0.02123742 0.01090631 0.008006053 0.008006053 0.007943801 0.007773519 0.01086345 0.01245073 0.01265983 0.02861609 0.03191559 0.02746736
1.379856 1.72597 0.06468928 -9999 2.350676 1.761907 2.476312 2.584616 3.178294 2.605647 3.767007 1.194877 0.326643 0.09937582 0.02393174 0 0 0.02601363 0.04095891 0.0295694 0.02604875 0.03035207 0.03190242 0.009382148 0.009393428 0.002940168 -9999 0.001566905 0.04290509 0.0534151 0.04568782 0.05086496 0.581512 0.08557391 0.08273137 0.03553551 0.03387635 0.0515058 0.04885979 0.03833644 0.04336657 0.1194045 0.1577222 0.2880318 0.2910381 0.5192984 0.40475 0.7962334 1.641421 0.3503999 0.2364834 0.5820041 1.003973 1.383912 0.8648835 0.3638599 0.269062 0.1811287 0.08368704 0.05070832 0.04753039 0.02350695 0.009615394 0.00814748 0.008130779 0.0121863 0.01242039 0.01306408 0.0205546 0.02774875 0.009057426
-9999 -9999 -9999 -9999 -9999 -9999 1.321527 -1e+008 -1e+008 -1e+008 -1e+008 1.976495 3.771396 2.023967 0.6909999 0 0 0.0002151314 0.9739513 0.3310546 0.02486852 0.02216312 0.0240485 0.009553267 0.008352688 0.1099547 0.1362022 0.03936217 0.04997677 0.0316667 0.02026923 0.02314848 0.05175554 0.1101009 0.1389472 0.8453183 0.3103808 0.3241038 0.4121217 0.3125249 0.4360365 0.4733456 0.3170018 4.604062 1.666595 0.3739427 0.2500632 0.3760063 0.805881 0.5931846 0.5310853 0.2603507 0.2000767 0.5144485 10.14217 0.4292591 0.2895184 0.1134124 0.09529448 0.07711193 0.07140829 0.03591901 0.03793064 0.009762129 0.008195047 0.01300793 0.009713806 0.007166951 0.006546195 0.005863163 0.005970712
0.0047271 0.01341265 0.01513018 -9999 -9999 -9999 -9999 -1e+008 -1e+008 -1e+008 -1e+008 -1e+008 -1e+008 -1e+008 0.8988608 0.2305184 0 -9999 0.0005863729 -1e+008 -1e+008 -1e+008 0.02179456 0.009710019 -1e+008 -1e+008 -1e+008 -1e+008 0.1862707 0.01400338 0.05448131 0.009587304 0.01353648 0.1080656 0.1506192 0.3488629 2.582337 0.7237977 1.609187 0.2224321 0.4722329 2.582519 0.421253 0.3627136 0.1475973 0.2940075 0.1822504 0.2833895 0.2887268 0.2788143 0.3775012 0.1137917 0.2741844 0.3105159 0.1208505 0.1695404 0.224626 0.1058076 0.1025666 0.09916022 0.09916022 0.0990876 0.09913772 0.00965422 0.004426944 0.007828287 0.007199867 0.005044487 0.005295382 0.005743727 0.006005942
1.478954 1.922918 4.108623 2.866127 0.5173398 0.01654761 0.4400653 0.3972794 -1e+008 -1e+008 -1e+008 -1e+008 -1e+008 -1e+008 0.7166784 1.189704 0.06199827 -9999 -9999 -1e+008 -1e+008 -1e+008 -1e+008 -1e+008 -1e+008 -1e+008 -1e+008 -1e+008 -1e+008 0.07980375 0.01644289 0.1450991 0.01494638 0.08418197 0.1856509 0.8730571 7.206967 0.6175205 1.568808 0.609758 0.3094161 0.08099635 0.09206519 0.08096142 0.07234079 0.1547801 0.3821633 0.386346 0.4343739 0.3519159 0.4602876 0.1252311 0.5946896 0.2509871 0.07981214 0.081835 0.1348812 0.07187032 0.06931806 0.07124954 0.09580144 0.07179946 0.03519651 0.004027502 0.002472084 0.005504668 0.005677017 0.004686442 0.004418224 0.00499485 0.008963609
6.46712 2.887269 3.658622 4.184604 3.559467 2.49055 4.335044 3.98559 1.677509 1.025784 1.336295 4.382665 1.186081 2.148452 2.00486 1.122727 4.073211 1.36043 -9999 -1e+008 -1e+008 -1e+008 -1e+008 -1e+008 -1e+008 -1e+008 -1e+008 -1e+008 -1e+008 -1e+008 0.2065631 0.5538092 0.8415326 0.5893784 0.765069 2.299712 2.210633 1.905306 4.245168 3.822814 0.4691626 0.09791953 0.05049323 0.2095619 0.2374323 0.1511756 0.2839422 0.3746674 0.5569524 0.1468706 0.1418399 0.04060099 0.0293981 0.02924428 0.02768171 0.01890155 0.01239357 0.001141742 0.00230091 0.0088653 0.05862031 0.06586744 0.03945613 0.05444112 0.1153417 0.1602243 0.08309865 0.0174334 0.005123423 0.005511096 0.005513085
12.3218 2.580036 2.171903 1.720276 1.180977 1.336356 0.8668301 1.155473 1.289906 1.13743 1.077539 1.8672 1.206395 1.046771 2.609354 2.127362 0.9878094 -9999 -9999 -1e+008 -1e+008 -1e+008 -1e+008 -1e+008 -1e+008 -1e+008 -1e+008 -1e+008 -1e+008 -1e+008 -1e+008 -1e+008 0.8135777 2.880055 1.67627 0.4594905 0.3614773 0.1631288 0.1242335 0.1052492 0.08164989 0.08370274 1.075183 1.733791 0.7701699 0.3891056 0.3750933 0.3762475 0.3983308 0.1025343 0.04599251 0.00860126 0.00860126 0.008031756 0.003348517 0.00338567 0.003343504 0.002675484 0.003435251 0.0128318 0.02377361 0.02122086 0.003308247 0.01633245 0.04981267 0.359777 0.2861671 0.5899405 0.01904231 0.08170372 0.1076549
6.219509 3.841088 3.946503 4.777526 3.206831 4.121061 4.062553 3.813596 2.405147 1.514259 1.447988 3.421594 4.175848 4.03253 3.35824 5.301486 0.009430765 -9999 -9999 -9999 -1e+008 -1e+008 -1e+008 -1e+008 -1e+008 -1e+008 -1e+008 -1e+008 -1e+008 -1e+008 -1e+008 -1e+008 -1e+008 -1e+008 1.162583 1.746496 0.5738764 -1e+008 -1e+008 0.01754097 0.0181201 0.06630007 0.1289448 0.9540573 1.20234 0.2924741 0.2226058 0.3578913 0.157216 0.0708912 0.01074497 0.008724116 0.008517499 0.008724116 0.004578567 0.003463676 0.00336089 0.007539029 0.01105201 0.01053985 0.01049514 0.01128746 0.01091802 0.01727086 0.02844813 0.02355021 0.03218312 0.4496717 0.3137819 0.7223715 0.266061
6.260583 6.890093 11.12509 8.069791 7.133575 4.145782 2.938687 3.657473 3.002781 -1e+008 -1e+008 -9.999999e+007 8.61181 8.736664 2.687978 3.280414 12.68515 2.741764 -9999 -9999 -1e+008 -1e+008 -9.999999e+007 1.855594 -1e+008 -1e+008 -1e+008 -1e+008 -1e+008 -1e+008 -1e+008 -2e+008 -2e+008 -2e+008 -1e+008 -1e+008 -1e+008 -1e+008 -1e+008 -1e+008 -1e+008 -1e+008 0.03350512 0.4591075 0.2384502 0.1193394 0.6843802 0.3036084 0.1140431 0.06632579 0.0124464 0.008844938 0.008735079 0.008842819 0.007886125 0.003395175 0.003175318 0.005185196 0.01283041 0.01445955 0.01749727 0.01431187 0.01404376 0.037819 0.05493691 0.03713244 0.04972548 0.1268128 0.6174303 0.7969157 0.6366564
9.14326 3.984982 4.800724 10.72023 5.556703 2.816881 3.112455 2.13633 -1e+008 -1e+008 -1e+008 -1e+008 -9.999999e+007 4.210953 2.355176 2.872676 3.818286 6.926696 7.403475 9.656722 4.64135 4.91673 0.8308423 1.049975 1.934904 3.148126 8.334423 -9.999999e+007 -1e+008 -1e+008 -2e+008 -2e+008 -1e+008 -1e+008 -1e+008 -1e+008 -1e+008 -1e+008 -1e+008 -1e+008 -1e+008 -1e+008 0.01191873 0.09273554 0.2154073 0.1437789 0.3461238 0.1888585 0.1148896 0.07643847 0.01284187 0.01059303 0.008960687 0.007709349 0.005781543 0.005300646 0.004415301 0.005091866 0.01304224 0.02137173 0.0219493 0.02131946 0.01633951 0.01782252 0.01863564 0.03376926 0.1061001 0.1187003 3.41942 1.60471 9.988468
7.153391 0.4243971 2.222389 12.05485 7.812565 3.311372 1.675134 2.941372 -1e+008 -1e+008 -1e+008 -1e+008 -1e+008 -9.999999e+007 3.319666 3.611296 3.713906 9.908442 79.3717 2.129296 1.212698 0.4207861 0.2853963 0.4898132 1.762147 1.79556 3.196913 4.35728 -2e+008 -2e+008 -2e+008 -1e+008 -1e+008 -1e+008 -1e+008 -1e+008 -1e+008 -1e+008 -1e+008 2.222813 0.7680566 0.04176033 0.8987827 0.006368063 0.1841308 0.05373577 0.04597036 0.06653021 0.05939016 0.02998048 0.008289629 0.007410704 0.004736156 0.003378145 0.004022294 0.005157844 0.00503944 0.004864709 0.004993504 0.005396594 0.01011623 0.01442559 0.01730882 0.01487426 0.01368316 0.011781 0.06529182 0.1437849 0.2420221 0.6234853 2.122499
5.183012 0.05403825 6.124135 7.089926 1.010702 0.5547098 0.639613 -1e+008 -1e+008 -1e+008 -1e+008 -1e+008 -1e+008 4.438829 6.115893 7.263328 5.430086 4.416417 4.001459 0.9467 0.4438054 0.2981127 0.2232253 0.1205024 0.31033 0.9584298 1.134943 -1e+008 -1e+008 -1e+008 -1e+008 -1e+008 -1e+008 -1e+008 -1e+008 -1e+008 -1e+008 -1e+008 -9.999999e+007 6.309733 3.267639 3.931807 0.8487765 0.1334316 0.01951259 0.01744453 0.01787503 0.001833171 0.001835864 0.002630036 0.002942428 0.003123761 0.003199241 0.003223045 0.003411121 0.00454245 0.008242134 0.0210929 0.01971541 0.01140691 0.007163285 0.006564488 0.00834733 0.02373872 0.02176694 0.01151069 0.04643159 0.05921435 0.06352634 0.1057659 0.368117
-9999 -9999 30.55838 3.510306 2.006732 -1e+008 -1e+008 -1e+008 -1e+008 -1e+008 -1e+008 -1e+008 -1e+008 -1e+008 2.556624 4.036573 2.762926 3.51754 2.316594 0.5617025 0.1193916 0.118616 0.1122816 0.08603302 0.2067765 0.4844195 0.7585245 -1e+008 -1e+008 -1e+008 -1e+008 -1e+008 -1e+008 -1e+008 -1e+008 -1e+008 -1e+008 -1e+008 4.628263 5.714558 7.082551 3.807802 2.125067 0.05080592 0.02303693 0.02171193 0.004525552 0.001886925 0.002221865 0.003462029 0.002985147 0.002958129 0.003035301 0.00327464 0.003304736 0.003706263 0.005268897 0.01817662 0.02074722 0.02072539 0.01510237 0.01577748 0.0137837 0.07206919 0.04448834 0.03800559 0.03450271 0.04321237 0.05232587 0.07530009 0.1244971
-9999 47.52325 40.28193 4.975576 0.5855867 -1e+008 -1e+008 -1e+008 -1e+008 -1e+008 -1e+008 -1e+008 -1e+008 -1e+008 -1e+008 4.220669 2.551087 3.974515 10.22974 7.93572 1.23049 0.6417584 0.2105176 0.1395547 0.08464001 0.5500852 0.5927103 -1e+008 -1e+008 -1e+008 -1e+008 -1e+008 -1e+008 -1e+008 -1e+008 -1e+008 -1e+008 2.880208 3.18791 5.053929 9.68364 12.26545 6.964288 2.343506 0.3046833 0.02337263 0.01132034 0.009737907 0.003834729 0.004105395 0.003026302 0.00294714 0.003194592 0.003260955 0.003307338 0.003782994 0.005037151 0.01451681 0.02342791 0.04039304 0.04443817 0.04646669 0.05334404 0.0798287 0.06918033 0.05972285 0.08194192 0.0661739 0.08717486 0.09851478 0.2002685
0.5346586 44.40522 17.02013 2.489202 0.8221644 0.2259875 0.2316439 -1e+008 -1e+008 -1e+008 -1e+008 -1e+008 -1e+008 -1e+008 -1e+008 10.42806 6.25539 2.204012 2.021405 3.89792 1.951354 0.9535859 0.4192432 0.7730824 0.6610976 0.415208 0.1126649 -1e+008 -1e+008 -1e+008 -1e+008 -1e+008 -1e+008 -1e+008 -1e+008 -1e+008 -1e+008 2.023348 3.179521 8.747362 14.01729 23.43558 17.01929 8.392745 4.102032 0.3302322 0.04717211 0.009501028 0.005735652 0.003942141 0.004807877 0.005995041 0.006630377 0.003959329 0.003264231 0.00976876 0.006507519 0.007176173 0.05739465 0.07148643 0.06433336 0.08151907 0.0834695 0.1078694 0.124398 0.07631022 0.0722246 0.09672642 0.1396449 0.1733076 2.116798
0.3099822 4.16467 2.708485 0.09025109 0.1531853 0.5775414 0.8385587 0.7196993 0.5014331 -1e+008 -1e+008 -1e+008 -1e+008 -1e+008 -1e+008 -9.999999e+007 22.55267 8.464098 1.928971 1.802269 0.9262205 0.5022837 1.186794 1.206396 0.7858477 0.7746923 0.717535 0.6832424 -1e+008 -1e+008 -1e+008 -1e+008 -1e+008 -1e+008 0.6470414 0.3437156 0.3941949 2.6869 8.437778 10.62062 10.86319 10.0395 12.68376 19.55743 7.452294 3.728443 0.9675701 0.203889 0.03542622 0.009547858 0.00644962 0.007571956 0.0108804 0.02223791 0.02539071 0.0241247 0.04617677 0.04869989 0.1253271 0.0483623 0.03230043 0.04366315 0.0482177 0.05982523 0.08988335 0.09796426 0.06300417 0.06155508 0.1147373 0.4591293 7.220869
0.09434878 0.6951703 0.4329875 0.1627729 0.2380788 0.5559228 0.9076841 0.8228545 0.3594808 0.236451 -1e+008 -1e+008 -1e+008 -1e+008 -9.999997e+007 -9.999998e+007 1.152407 2.297645 3.216309 7.807166 4.515447 0.8650433 0.8655579 0.7644193 0.8564101 0.8038395 0.766416 -1e+008 -1e+008 -1e+008 -1e+008 -1e+008 -1e+008 -1e+008 0.3632451 0.2680368 0.9153016 3.980905 7.8696 4.967977 3.577909 4.423597 8.798567 13.63833 11.77534 6.55074 4.024605 1.586257 0.5992445 0.1470525 0.0208451 0.01471267 0.01890052 0.02986065 0.07028389 0.1700248 0.2163818 0.2003367 0.6088425 0.08521529 0.04504063 0.05081683 0.02188417 0.02867356 0.03918848 0.0880063 0.07253847 0.06145135 0.1338043 1.239464 4.864003
8.469096 0.3401252 0.9446775 0.764066 0.6959496 0.5670813 0.8456923 0.715596 0.6469743 0.564867 0.4031018 0.2387482 0.5624543 0.8987973 14.90629 25.39968 1.480683 0.2959751 1.167296 1.503421 2.16194 1.380214 0.768183 0.6235894 0.8491322 0.7488855 0.4648574 0.4689199 0.4103546 0.149329 0.05266007 0.05747029 0.06430345 0.2547009 0.6396182 3.583734 3.449765 5.085258 2.303298 1.183294 1.347733 1.835502 5.694472 19.73728 68.63455 9.090847 8.461612 3.323668 1.991928 1.010685 1.128366 0.6925609 0.2934743 0.06307361 0.06490695 0.07575874 0.1192534 0.07069382 0.07632098 0.07929359 0.04778333 0.2388084 0.2481139 0.08112763 0.02197627 0.06863157 0.1497424 0.1106428 0.3910183 1.247902 1.414934
2.089973 0.04315694 0.4335843 1.033052 1.211044 1.027359 0.9814494 0.7418249 0.7326799 0.7326799 1.109637 1.073902 1.110047 0.9345474 0.9345474 0.4661157 0.514199 0.2236022 0.09278688 0.7193403 1.002404 0.7799777 1.415159 1.984984 1.002398 0.420536 0.3071971 0.3127671 0.4372869 0.4318398 0.1093775 0.07550727 0.07993281 0.2023735 3.868188 5.41481 3.510936 0.9191329 0.6798525 0.8197622 2.052985 3.124193 5.995819 7.504701 8.754734 9.725457 7.410719 7.133692 6.310595 5.675364 5.340421 2.67715 3.834825 0.9766699 0.7213764 2.086224 0.328527 0.2545964 0.4219292 0.2471169 0.6742587 2.029096 2.684544 0.2754163 0.04829177 0.1349405 0.3757309 0.4847026 0.7381757 1.619562 2.486223
0.2928832 0.2467399 0.002912649 0.7335864 1.547104 1.580065 1.379391 0.739049 0.7392203 1.788456 3.026579 2.660983 2.135129 1.790913 1.143039 0.9428678 1.483882 14.14282 -1e+008 -9999 0.0840812 0.2131455 0.5056429 0.6620796 1.012192 0.5612838 0.3939261 0.7981908 0.3249228 0.3505166 0.2295487 0.1768763 0.08304536 0.2016271 2.339324 5.190381 2.429071 0.4554963 0.4881244 2.058522 3.152989 4.034636 6.894349 4.727384 4.708326 5.408925 5.497511 11.28647 8.023741 9.028332 11.92102 8.006393 8.098909 5.335038 4.657249 8.599036 8.604475 4.163937 5.652717 5.017901 2.174298 3.892763 0.4911672 0.01349598 0.01392759 0.1982932 0.8495215 1.244594 4.094913 2.03179 2.961769
0.0610061 0.3100276 -9999 0.1284077 1.036622 1.666138 1.632163 1.147493 1.697595 3.111136 2.923483 2.472714 2.18584 2.18584 1.59717 0.9509284 58.82531 -1e+008 -1e+008 -1e+008 -9999 0.0100754 43.93771 9.527287 0.07374876 0.1644057 0.2480872 0.4328321 0.2911448 0.1652456 0.1571067 0.09967833 0.0883549 0.2899301 4.965798 8.034894 4.53072 1.554939 1.559623 2.109411 2.862683 3.660534 3.473879 2.805429 1.975026 3.613562 3.028404 3.926444 8.013196 11.77229 8.949941 7.505617 9.268326 6.866822 7.735354 10.44274 9.785858 3.236518 3.446097 1.634866 1.528824 1.547239 0.05296341 0.1174932 0.1799513 1.21842 1.22969 2.491246 1.52106 17.35822 2.904595
0.3351329 0.009280493 0.005227938 -9999 0.725249 1.667976 1.681486 1.66078 1.714753 2.476917 2.238123 2.204439 2.164534 2.167598 1.944971 1.048221 0.5420007 -1e+008 -1e+008 0.5296675 0.9178427 4.102926 39.48813 6.35773 0.02410757 -9999 -9999 -9999 -9999 -9999 -9999 -9999 -9999 3.036379 18.85737 3.141639 1.952566 0.9140953 3.165009 5.387617 4.082333 3.898536 3.009078 2.863844 2.323148 2.536374 2.374713 2.913485 3.986679 2.600837 3.144912 4.843663 5.738578 4.951513 9.576511 12.53904 10.40353 11.14843 9.579226 5.468895 2.35661 0.5259108 0.1505936 0.2140149 0.5093802 1.30397 1.629532 1.412826 0.9499124 3.054787 2.162436
0.009800094 0.01567095 0.05292294 -9999 -9999 1.350552 2.501722 1.638103 4.185196 2.94481 2.220705 2.220705 2.139874 2.17825 2.194296 1.309194 0.9534367 0.966122 1.758985 8.705939 9.854216 9.924632 5.327965 2.699542 7.778131 12.63342 0.04403467 -9999 -9999 -9999 -9999 -9999 -9999 -9999 0.01638207 0.3270157 0.9140146 1.044242 2.633542 17.19304 7.678423 5.109033 4.186191 3.284393 4.719331 2.869173 3.442919 3.529767 2.201083 2.643112 2.357593 3.632543 8.148649 12.41083 11.67877 16.38915 8.460436 22.84614 8.742967 1.343389 0.3444777 0.1952096 0.3422254 0.1502453 0.2444265 0.3067479 0.9897347 0.7580612 0.9235504 1.6225 2.121975
0.0002520955 0.007780527 0.007771531 0.007721275 -9999 0.1664708 6.643836 4.987534 6.867508 6.770941 3.471912 2.237265 2.210088 2.224804 2.237265 1.154469 0.9733261 0.9733261 0.972359 1.696256 3.202381 4.710209 1.574622 0.8007168 2.23184 1.637277 2.159375 -9999 -9999 -9999 -9999 -9999 -9999 -9999 -9999 0.06607915 2.467462 6.482701 5.351552 15.05927 14.98972 4.994996 4.777859 3.642083 2.338047 2.593576 2.628823 1.697657 2.43514 4.347106 2.881624 3.238076 3.701973 7.059763 15.2827 44.78681 6.034351 10.68106 7.687266 3.107736 0.1596826 0.3737249 1.03924 0.7370123 0.2044054 0.1320903 0.6100639 0.7930912 0.5273245 0.4069745 0.702422
