data/raw/spatialecon-gecon-v4-gis-ascii/GIS data ASCII/MER2005/mer2005sum.asc
ncols         360
nrows         140
xllcorner     -180.0
yllcorner     -56.0
cellsize      1
NODATA_value  -9999
[rows 0 to 30 of 140, columns 280 to 349 of 360]
-9999 -9999 -9999 -9999 -9999 -9999 -9999 -9999 -9999 -9999 -9999 -9999 -9999 -9999 -9999 -9999 -9999 -9999 -9999 -9999 -9999 -9999 -9999 -9999 -9999 -9999 -9999 -9999 -9999 -9999 -9999 -9999 -9999 -9999 -9999 -9999 -9999 -9999 -9999 -9999 -9999 -9999 -9999 -9999 -9999 -9999 -9999 -9999 -9999 -9999 -9999 -9999 -9999 -9999 -9999 -9999 -9999 -9999 -9999 -9999 -9999 -9999 -9999 -9999 -9999 -9999 -9999 -9999 -9999 -9999
-9999 -9999 -9999 -9999 -9999 -9999 -9999 -9999 -9999 -9999 -9999 -9999 -9999 -9999 -9999 -9999 -9999 -9999 -9999 -9999 -9999 -9999 -9999 -9999 -9999 -9999 -9999 -9999 -9999 -9999 -9999 -9999 -9999 -9999 -9999 -9999 -9999 -9999 -9999 -9999 -9999 -9999 -9999 -9999 -9999 -9999 -9999 -9999 -9999 -9999 -9999 -9999 -9999 -9999 -9999 -9999 -9999 -9999 -9999 -9999 -9999 -9999 -9999 -9999 -9999 -9999 -9999 -9999 -9999 -9999
-9999 -9999 -9999 -9999 -9999 -9999 -9999 -9999 -9999 -9999 -9999 -9999 -9999 -9999 -9999 -9999 -9999 -9999 -9999 -9999 -9999 -9999 -9999 -9999 -9999 -9999 -9999 -9999 -9999 -9999 -9999 -9999 -9999 -9999 -9999 -9999 -9999 -9999 -9999 -9999 -9999 -9999 -9999 -9999 -9999 -9999 -9999 -9999 -9999 -9999 -9999 -9999 -9999 -9999 -9999 -9999 -9999 -9999 -9999 -9999 -9999 -9999 -9999 -9999 -9999 -9999 -9999 -9999 -9999 -9999
-9999 -9999 -9999 -9999 -9999 -9999 -9999 -9999 -9999 -9999 -9999 -9999 -9999 -9999 -9999 -9999 -9999 -9999 -9999 -9999 -9999 -9999 -9999 -9999 -9999 -9999 -9999 -9999 -9999 -9999 -9999 -9999 -9999 -9999 -9999 -9999 -9999 -9999 -9999 -9999 -9999 -9999 -9999 -9999 -9999 -9999 -9999 -9999 -9999 -9999 -9999 -9999 -9999 -9999 -9999 -9999 -9999 -9999 -9999 -9999 -9999 -9999 -9999 -9999 -9999 -9999 -9999 -9999 -9999 -9999
1.872304e-006 1.160077e-005 1.822436e-005 6.519676e-006 5.476851e-007 -9999 -9999 -9999 -9999 -9999 -9999 -9999 -9999 -9999 -9999 -9999 -9999 -9999 -9999 -9999 -9999 -9999 -9999 -9999 -9999 -9999 -9999 -9999 -9999 -9999 -9999 -9999 -9999 -9999 -9999 -9999 -9999 -9999 -9999 -9999 -9999 -9999 -9999 -9999 -9999 -9999 -9999 -9999 -9999 -9999 -9999 -9999 -9999 -9999 -9999 -9999 -9999 -9999 -9999 -9999 -9999 -9999 -9999 -9999 -9999 -9999 -9999 -9999 -9999 -9999
3.852627e-005 5.242787e-005 4.965307e-005 4.917127e-005 3.783627e-005 7.944238e-006 4.851936e-006 4.619945e-006 -9999 -9999 -9999 -9999 -9999 -9999 -9999 -9999 -9999 -9999 -9999 -9999 -9999 -9999 -9999 -9999 -9999 -9999 -9999 -9999 -9999 -9999 -9999 -9999 -9999 -9999 -9999 -9999 -9999 -9999 -9999 -9999 -9999 -9999 -9999 -9999 -9999 -9999 -9999 -9999 -9999 -9999 -9999 -9999 -9999 -9999 -9999 -9999 -9999 -9999 -9999 -9999 -9999 -9999 -9999 -9999 -9999 -9999 -9999 -9999 -9999 -9999
9.58353e-007 9.430473e-006 3.103068e-005 4.520126e-005 4.582721e-005 2.654465e-005 4.719331e-006 2.786862e-006 -9999 -9999 -9999 -9999 -9999 -9999 -9999 -9999 -9999 -9999 -9999 -9999 -9999 -9999 -9999 -9999 -9999 -9999 -9999 -9999 -9999 -9999 -9999 -9999 -9999 -9999 -9999 -9999 -9999 -9999 -9999 -9999 -9999 -9999 -9999 -9999 -9999 -9999 -9999 -9999 -9999 -9999 -9999 -9999 -9999 -9999 -9999 -9999 4.800968e-007 -9999 -9999 -9999 -9999 -9999 -9999 -9999 -9999 -9999 -9999 -9999 -9999 -9999
3.657784e-005 7.115026e-005 7.617449e-005 8.745643e-005 9.996472e-005 0.0001057822 0.0001057881 8.250349e-005 0.0001075932 0.0001111017 0.0001108403 0.0001019635 6.357529e-005 1.842483e-005 -9999 -9999 -9999 -9999 -9999 -9999 -9999 -9999 -9999 -9999 -9999 -9999 -9999 -9999 -9999 -9999 -9999 -9999 -9999 -9999 -9999 -9999 -9999 0 0.0002404667 0.0001042813 1.334612e-006 0.0001571219 0 -9999 -9999 -9999 -9999 -9999 1.043473e-005 1.200004e-005 -9999 -9999 7.931404e-006 -9999 -9999 -9999 -9999 -9999 -9999 -9999 -9999 -9999 -9999 -9999 -9999 -9999 -9999 -9999 -9999 -9999
0.0001138622 0.0001273502 0.0001413415 0.0001578705 0.000158069 0.000158069 0.000158069 0.000158069 0.000158069 0.000158069 0.000158069 0.000158069 0.0001480431 8.788957e-005 -9999 -9999 -9999 -9999 -9999 -9999 -9999 -9999 -9999 -9999 -9999 -9999 -9999 -9999 -9999 -9999 -9999 -9999 -9999 -9999 -9999 0.000302351 4.350148e-005 0.00145221 0.002019921 0.00197993 0.001552159 0.002034374 0.001826345 0.00162214 0.001168801 7.265468e-005 0.0001191918 0.0001903005 0.0001497073 0.0001129656 6.129015e-005 -9999 -9999 -9999 -9999 -9999 -9999 -9999 -9999 -9999 -9999 -9999 -9999 -9999 -9999 -9999 -9999 -9999 -9999 -9999
0.0001462713 0.0001688263 0.0001688263 0.0001688263 0.0001688263 0.0001688263 0.0001688263 0.0001688263 0.0001687823 0.0001463598 8.985744e-005 9.269991e-005 0.000284424 7.870027e-005 -9999 1.057477e-006 3.534893e-006 -9999 -9999 -9999 -9999 -9999 -9999 -9999 -9999 -9999 -9999 -9999 -9999 -9999 -9999 -9999 -9999 -9999 -9999 0.0001172792 3.706499e-005 3.601641e-005 0.0005565173 0.0004622969 0.0007555133 0.0001676249 0.0002718527 0.000149778 -9999 -9999 -9999 2.177388e-005 0.0001176244 0.0001186487 5.522482e-005 -9999 -9999 -9999 -9999 -9999 -9999 -9999 -9999 -9999 -9999 -9999 -9999 -9999 -9999 -9999 -9999 -9999 -9999 -9999
0.0001794665 0.0001794665 0.0001794665 0.0001794665 0.0001794665 0.0001773923 0.0001382721 9.543602e-005 8.31951e-005 9.283359e-005 0.0002591638 0.000599818 0.000591719 0.0004561343 0.00047794 0.0005595261 0.0005344121 0.0004836357 0.0003440148 8.82324e-005 3.406501e-005 -9999 1.938559e-005 0.0003296153 0.0006875947 0.0005058115 0.0004251191 0.000460906 0.0002662141 4.115894e-005 -9999 -9999 -9999 -9999 -9999 0 5.285822e-005 -9999 -9999 2.927993e-005 0.0003646091 0.001267422 0.001366926 0.0005364727 -9999 -9999 -9999 -9999 -9999 -9999 -9999 -9999 -9999 -9999 -9999 -9999 -9999 -9999 -9999 -9999 -9999 -9999 -9999 -9999 -9999 -9999 -9999 -9999 -9999 -9999
0.0001900485 0.0001900485 0.0001900485 0.0001900485 0.0001900485 0.0001783115 0.0001876879 0.0001900485 0.0001900485 0.0001900485 0.0002360895 0.0005433857 0.000740951 0.0008244289 0.0008466137 0.000847521 0.000770728 0.0007074967 0.0007806838 0.0007286679 0.000757745 0.0009297655 0.0009337612 0.0009416499 0.000974015 0.0009709444 0.0009779002 0.0009750222 0.0009517578 0.0003724205 -9999 -9999 -9999 -9999 -9999 -9999 -9999 -9999 -9999 0.0005619568 0.001216062 0.0019005 0.001736219 0.00159909 0.001174012 0.0008751478 0.0004472629 0.0001831586 0.0001738416 8.608154e-005 -9999 -9999 -9999 -9999 -9999 -9999 -9999 -9999 -9999 -9999 -9999 -9999 -9999 -9999 -9999 -9999 -9999 -9999 -9999 -9999
0.0002003899 0.0002003899 0.0002003899 0.0002003899 0.0002003899 0.0002003899 0.0002003899 0.0002003899 0.0002003899 0.0002003899 0.0002003899 0.0001994559 0.0001632269 0.000481571 0.0008782232 0.0004157581 0.0001697621 0.0001691026 0.0001691026 0.0001691026 0.0001841051 0.0003837559 0.0008785297 0.001030873 0.001030873 0.001030873 0.001025858 0.0009606346 0.0009446581 0.0004138555 1.511458e-005 9.715433e-005 0.001871428 0.001325979 0.001002947 0.001512975 0.001465608 0.001112916 0.001486838 0.001465837 0.002572803 0.00257775 0.002064673 0.0006690355 0.0005955181 0.000594019 0.0005697677 0.000584882 0.0005971817 0.0005011676 0.0003176608 0.0001810993 2.220323e-006 -9999 9.653937e-007 8.40299e-005 0.0001466046 0.0001007989 1.077399e-006 -9999 -9999 -9999 -9999 -9999 -9999 -9999 -9999 -9999 -9999 -9999
0.0002107461 0.0002107461 0.0002107461 0.0002107461 0.0002107461 0.0002107461 0.0002107461 0.0002107461 0.0002107461 0.0001961726 0.0001769431 0.0001764939 0.0001771451 0.0002410508 0.000289898 0.0001783846 0.0001769609 0.0001769609 0.0001769609 0.0001769609 0.0004968801 0.0007761806 0.001065133 0.00107885 0.00107885 0.001037552 0.001021265 0.001035713 0.00107885 0.00107885 0.0009834926 0.0009185875 0.001814857 0.002574406 0.002696064 0.002697711 0.002697711 0.002666774 0.002641919 0.002697711 0.002686004 0.001466298 0.0006660385 0.0006245957 0.0006245957 0.0006245957 0.0006156203 0.0006054275 0.0006245957 0.0006245957 0.0006245957 0.0006105914 0.001208161 0.001577148 0.001763299 0.001823601 0.001823601 0.001823601 0.001616316 0.001239942 7.419771e-005 3.074198e-005 -9999 -9999 -9999 -9999 -9999 -9999 0 -9999
0.0001881531 0.0001925523 0.0002003329 0.0002044136 0.0002019466 0.0002029424 0.0001892262 0.0001868906 0.0001871187 0.000177832 0.0001861134 0.0001861134 0.0001861134 0.0001861134 0.0001861134 0.0001861134 0.0001861134 0.0001861134 0.0001861134 0.0002282086 0.0007758824 0.0009051505 0.001083927 0.001134414 0.001047172 0.001083196 0.001134563 0.001134563 0.001134563 0.001134563 0.001134563 0.001091923 0.001005661 0.001727424 0.002378577 0.002450275 0.002520924 0.002766957 0.002837007 0.002837027 0.002837027 0.0025461 0.001439839 0.0009909006 0.0009356274 0.0008992137 0.0007950619 0.0008035246 0.0008423358 0.000935205 0.001015017 0.001039236 0.001555662 0.001665796 0.001862112 0.00189188 0.001893584 0.001917787 0.001887962 0.001793799 0.001125034 0.0009405305 0.001423775 0.002405845 0.002174719 0.002020256 0.00176951 0.006441271 0.007083481 0.001570304
0.0001810571 0.0001810571 0.0001713663 0.0001810571 0.0001810571 0.0001810571 0.0001763264 0.0001951298 0.0001951298 0.0001951298 0.0001951298 0.0001951298 0.0001951298 0.0001951298 0.0001951298 0.0001951298 0.0001951298 0.0001951298 0.000214446 0.0003058631 0.0005237511 0.0005795779 0.0005779029 0.0005585755 0.0005947225 0.0006173018 0.0007044225 0.0006608681 0.0006151486 0.000625954 0.000577452 0.0005319814 0.0005251307 0.001383729 0.002466719 0.002466719 0.002466719 0.002466719 0.002701197 0.0029738 0.002974526 0.002188342 0.001278482 0.001266496 0.001266496 0.001266496 0.001266496 0.001265053 0.00124178 0.001206288 0.001217866 0.001050215 0.001126294 0.00122502 0.001149315 0.001199569 0.001465172 0.001512835 0.001875639 0.002107376 0.002149794 0.002236727 0.00238936 0.00370617 0.00370617 0.00370617 0.00370617 0.008780174 0.0115211 0.01020207
0.0001891109 0.0001891109 0.0001891109 0.0001891109 0.0001891109 0.0001883183 0.000179681 0.0002040191 0.0002040191 0.0002040191 0.0002040191 0.0002040191 0.0002040191 0.0002040191 0.0002040191 0.0002040191 0.0002040191 0.0002556018 0.0004908755 0.0006428585 0.0006065641 0.0006065641 0.0005991021 0.0005144114 0.0005947724 0.0006065641 0.0006053289 0.0005642961 0.0005490671 0.0005490671 0.0005490671 0.0005490671 0.0005490671 0.001750438 0.002579178 0.002579178 0.002579178 0.002491022 0.00256029 0.001783409 0.00106445 0.00103247 0.001041678 0.001196274 0.001323207 0.001251596 0.001184674 0.001110675 0.001607178 0.001682455 0.001516796 0.001291344 0.001280592 0.001280889 0.001266483 0.001262704 0.001280889 0.001418134 0.002893009 0.003802429 0.003802429 0.003802429 0.003802429 0.003802429 0.003802429 0.003802429 0.003802429 0.004522627 0.006406158 0.007438544
0.0001970317 0.0001970317 0.0001970317 0.0001970317 0.0001970317 0.0001957067 0.001964739 0.003187346 0.003852083 0.002480487 0.003068011 0.003667924 0.003433102 0.001216324 0.0002113968 0.0002113968 0.0002113968 0.0002113968 0.003859261 0.007048392 0.00371049 0.000628522 0.000628522 0.0005201487 0.0006122033 0.000628522 0.0006873618 0.0015036 0.001570122 0.001370503 0.0005736767 0.0005689531 0.001271968 0.002658076 0.002672536 0.002672536 0.002672402 0.002672536 0.002672536 0.00238221 0.001450694 0.0008278994 0.0008278994 0.0008278994 0.0008958436 0.0008390702 0.0008278994 0.001151556 0.001782784 0.002034463 0.002034463 0.001992362 0.001647632 0.00140586 0.001417761 0.001434619 0.001388205 0.001346826 0.001767315 0.003668025 0.004009738 0.004009738 0.004009738 0.004009738 0.004009738 0.004009738 0.003723867 0.003588754 0.003227847 0.002685691
0.0002048354 0.0002048354 0.0002048354 0.0002048354 0.0002048354 0.0002070653 0.002102015 0.005188552 0.005134171 0.005188552 0.005188552 0.005188552 0.003028204 0.0002218778 0.0002200466 0.0002486756 0.0002705598 0.00414765 0.00847852 0.008504936 0.00613253 0.0009283199 0.0006541957 0.0006492843 0.000525413 0.001176414 0.0014703 0.002864719 0.003047536 0.003047536 0.002750605 0.002218782 0.002771443 0.0027661 0.002725516 0.00268351 0.002656109 0.002666667 0.002677663 0.00288842 0.002738868 0.002228505 0.001551252 0.0008768173 0.0008616734 0.0008616734 0.0008616734 0.001131085 0.002042183 0.002117536 0.002117536 0.002117536 0.002110179 0.001960681 0.001892815 0.001896715 0.001896841 0.001882163 0.001697016 0.001509928 0.002329022 0.003383164 0.004215647 0.004215647 0.004215647 0.003510434 0.002487603 0.002485843 0.002485843 0.002485843
0.0002102738 0.0002118133 0.0002128358 0.0002128358 0.0002128358 0.0005025562 0.002338728 0.003266104 0.00360485 0.005388864 0.005388864 0.005388864 0.005271039 0.003932105 0.005223721 0.008957084 0.009225405 0.009837409 0.00981818 0.00887591 0.008834088 0.008650447 0.007107797 0.005898522 0.005831697 0.002762062 0.002980412 0.003122942 0.003165165 0.003165165 0.003165165 0.003161315 0.002945369 0.00275654 0.00275654 0.002732591 0.002752006 0.00275654 0.00275654 0.003569173 0.00548805 0.005599676 0.005599676 0.00513537 0.003284604 0.002275403 0.002462998 0.002148297 0.006210146 0.006682503 0.005117079 0.004110399 0.002039052 0.001972284 0.001972284 0.002086303 0.00245324 0.003219292 0.001462806 0.001004046 0.001004046 0.001066389 0.001251197 0.0006572996 0.0006722701 0.0006638098 0.0007203057 0.0008438444 0.001194615 0.002537661
0.0002985543 0.0003081708 0.0002827669 0.0002206698 0.0002206698 0.0002206698 0.0005598274 0.0009168306 0.001489112 0.003171636 0.005156004 0.005250889 0.005503634 0.005952016 0.008144549 0.009194397 0.01013142 0.01018375 0.01019688 0.009673825 0.009148461 0.009153917 0.009159016 0.007854446 0.00427003 0.003394993 0.00333874 0.003734695 0.009413233 0.01221571 0.01407175 0.01382906 0.01049755 0.006078699 0.00285728 0.00285728 0.00285728 0.00285728 0.00285728 0.003270209 0.005046544 0.005804291 0.005804291 0.005804291 0.005804291 0.009162221 0.01111702 0.01118305 0.01395453 0.01563119 0.01576705 0.005267085 0.002046593 0.002046593 0.002086464 0.003368521 0.003478944 0.003196339 0.001579573 0.00104189 0.00104189 0.00104189 0.0008366407 0.0004936253 0.0004936253 0.0004936253 0.0004936253 0.0004936253 0.0005909353 0.001257933
0.0008740599 0.0008386698 0.0008052951 0.0007105965 0.0005278199 0.0002280891 0.0007217738 0.0009808592 0.0009808592 0.001861508 0.005492669 0.004910179 0.005665236 0.133011 0.007798613 0.008657572 0.008657572 0.00877793 0.009162307 0.009111619 0.009347462 0.009465771 0.007658165 0.00628991 0.006198577 0.005076201 0.004302539 0.005037297 0.1613964 0.3177791 0.03172887 0.02617769 0.02113739 0.01540876 0.009145514 0.004013162 0.002956192 0.003038689 0.003315649 0.004046596 0.00349137 0.004078382 0.005787249 0.005650749 0.006023566 0.01029104 0.01055789 0.0101866 0.01185715 0.01968969 0.02096913 0.01767009 0.004089735 0.002537132 0.002900202 0.003574817 0.003531475 0.002007873 0.001074087 0.001074087 0.001074087 0.001074087 0.0007641328 0.0002796725 0.0003607054 0.0005040594 0.0005102642 0.0005102642 0.0005254991 0.0007499193
0.0008677082 0.0008677082 0.0008677082 0.0008677082 0.0007524421 0.0006893083 0.001002972 0.001013833 0.001013833 0.001565549 0.004238203 0.005938605 0.006120489 0.009181715 0.01070158 0.01126294 0.01106745 0.009134923 0.007742189 0.005140898 0.005046414 0.00560243 0.005258189 0.003975946 0.006282195 0.01224103 0.01511811 0.02141993 0.08890802 0.2581966 0.05017289 0.0301127 0.02418671 0.02231293 0.01390583 0.006295913 0.003717412 0.003905171 0.00317642 0.002343545 0.001885613 0.001885461 0.002061963 0.002010526 0.00213148 0.002038199 0.004861699 0.008089977 0.008438028 0.009143722 0.01617875 0.02068597 0.01943598 0.007771117 0.003709179 0.003719725 0.002744295 0.0003860274 0.0002067177 0.0002456781 0.0009437526 0.0009147546 0.0002984082 9.28942e-005 0.000511462 0.0006959367 0.001027351 0.001258171 0.001592806 0.001888941
0.0009832038 0.0008950249 0.0008950249 0.0008950249 0.0008969565 0.001008801 0.001046161 0.001046161 0.001046161 0.001506081 0.008732449 0.0124976 0.0124639 0.01309416 0.009474107 0.005471393 0.006658874 0.005851745 0.003799236 0.003796 0.003690246 0.00370444 0.003752155 0.003738547 0.005503573 0.01276053 0.007481333 0.007618893 0.0106969 0.01613091 0.01907257 0.01196338 0.008160206 0.004221289 0.004217594 0.004217594 0.004217594 0.004217594 0.002245402 0.001945615 0.001945615 0.001945615 0.001945615 0.001945615 0.001944011 0.002178855 0.00309408 0.00410337 0.004723669 0.005520678 0.01092468 0.01379236 0.007414246 0.003889516 0.003429072 0.001596445 0 -9999 -9999 9.69042e-006 0.0002195908 0.0002252372 0.001675339 0.002158613 0.001708551 0.001648631 0.001681828 0.001175971 0.0008685395 0.001152452
0.02117344 0.01825984 0.00952782 0.002141162 0.0009091754 0.001042531 0.001078356 0.001078356 0.001078356 0.004765193 0.00976743 0.008375806 0.008488333 0.007452178 0.003034783 0.002805023 0.002805023 0.002646046 0.002647375 0.003834927 0.003893055 0.003856242 0.004053489 0.005964198 0.007525267 0.008086195 0.008086195 0.008086195 0.008086504 0.008805989 0.009025497 0.007252292 0.004235192 0.00279978 0.003093914 0.0023768 0.002246345 0.002114185 0.001993399 0.002004693 0.002004693 0.002004693 0.001630286 0.001279914 0.001211857 0.001236802 0.001364316 0.002563124 0.002594904 0.001257462 0.363439 0.03125381 0.003861967 0.003414925 0.001891312 0.0001811896 -9999 -9999 -9999 6.736842e-005 0.001177272 0.002450509 0.002929201 0.0009563477 0.0003746735 4.813992e-005 0.0001069319 -9999 -9999 -9999
0.02448698 0.01991454 0.3090194 0.01236709 0.007518953 0.001345768 0.002550546 0.006772868 0.006879119 0.01142709 0.01073117 0.008101578 0.006523798 0.005672338 0.002887043 0.002887043 0.002887043 0.003108198 0.003117621 0.003337655 0.004041761 0.004041073 0.00439483 0.01205323 0.01265578 0.008312359 0.008312359 0.008312359 0.008312359 0.008312359 0.008312359 0.007156005 0.001852162 0.000493841 0.000493841 0.000493841 0.000493841 0.000493841 0.001150056 0.001790252 0.001811087 0.0007653764 0 -9999 -9999 -9999 -9999 -9999 -9999 -9999 -9999 0.0003980093 0.0001938939 -9999 -9999 -9999 -9999 0 0.0004478689 0.001875011 0.002599279 0.002967721 0.001085556 0.0002728307 0.0003590685 -9999 -9999 -9999 -9999 -9999
0.02898142 0.01303315 0.02016556 0.04736894 0.03288152 0.008115739 0.009799819 0.01175376 0.01314064 0.01222432 0.01099038 0.006711129 0.006680378 0.004456149 0.05599055 0.002899591 0.002946786 0.003489774 0.003421736 0.003084121 0.004218098 0.00424806 0.009912692 0.02566982 0.02245827 0.02020505 0.01710473 0.01088111 0.009451236 0.009887326 0.008554782 0.004593662 0.0005086511 0.0005077687 0.0005077687 0.0005077687 0.0005077687 0.0005077687 0.0005006536 0.000335239 7.321378e-005 -9999 -9999 -9999 -9999 -9999 -9999 -9999 -9999 -9999 -9999 -9999 -9999 -9999 -9999 -9999 0.0003116229 0.002303618 0.002635331 0.002755251 0.006238411 0.005664818 0.004297798 0.0002339957 -9999 -9999 -9999 -9999 -9999 -9999
0.03872937 0.7612737 0.0387409 0.05943476 0.05573288 0.1641482 0.01022473 0.01413275 0.01365699 0.008522638 0.006823083 0.006534328 0.01472263 0.01977753 0.01214185 0.002564363 0.003741752 0.003645124 0.003516508 0.003693011 0.005871668 0.005861336 0.007885278 0.0111595 0.02079206 0.02679131 0.02679131 0.02679131 0.02679131 0.02677405 0.02506607 0.007552878 0.0005213697 0.0005213697 0.0005213697 0.0005213697 0.0005213697 0.0004627313 0.0001069408 -9999 -9999 -9999 -9999 -9999 -9999 -9999 -9999 -9999 -9999 -9999 -9999 -9999 -9999 -9999 -9999 0.0003099384 0.002519389 0.002494978 0.002185533 0.006567006 0.009836711 0.009831483 0.007324828 0.001808248 -9999 -9999 -9999 -9999 -9999 -9999
0.03955276 0.04204697 0.04155043 0.02421548 0.01690871 0.00965905 0.01065902 0.01538265 0.01306311 0.05691588 0.007641009 0.01185852 0.006250554 0.008741079 0.003504999 0.002365008 0.003652193 0.004030432 0.002687589 0.001272209 0.0008535446 0.002168505 0.006418543 0.006418623 0.1325586 0.007359917 0.007845926 0.007525035 0.008278122 0.007268559 0.007345696 0.003784897 0.002641208 0.0006199619 0.0006203505 0.0005583022 0.000255805 8.365676e-005 9.423879e-006 -9999 -9999 -9999 -9999 -9999 -9999 -9999 -9999 -9999 -9999 -9999 -9999 -9999 -9999 -9999 -9999 0.001496234 0.002514381 0.002201456 0.005559274 0.009641774 0.01081024 0.008520727 1.406262e-005 -9999 -9999 0.0003679346 0.00108403 -9999 -9999 -9999
0.1754712 0.06996433 0.0869192 0.01687279 0.01061518 0.01105408 0.013214 0.01378519 0.008565431 0.004162501 0.01824951 0.01150144 0.002281558 0.002281558 0.002295718 0.003033503 0.003586664 0.00375253 0.001589766 0.002230661 0.005359682 0.009452539 0.01419295 0.01771147 0.007844414 0.007300056 0.004556178 0.003747191 0.004162743 0.004548505 0.004183961 0.002017504 0.0006834171 0.0006833613 0.0006833613 0.0004956062 0.0003446494 0.0001951013 5.483013e-005 0.003221743 0.0004192273 -9999 0.003807046 0 -9999 -9999 -9999 -9999 -9999 -9999 -9999 -9999 -9999 -9999 -9999 0.001132855 0.004056811 0.006095597 0.01169676 0.01119201 0.006168243 0.004883379 0.0002449568 -9999 -9999 -9999 0.0009234828 0.0004391526 4.506258e-005 -9999
0.042835 0.1189448 0.2518614 0.3461369 0.09033028 0.05641927 0.01596151 0.00995292 0.01030672 0.02896711 0.0267223 0.00614773 0.00636156 0.006842207 0.005585227 0.004498794 0.01002076 0.02792375 0.02268259 0.01843718 0.01759788 0.02287349 0.03619883 0.03703678 0.03801757 0.03484698 0.01549495 0.07561976 0.004919156 0.007246261 0.005735468 0.004150384 0.002827233 0.004049933 0.004306396 0.0007442997 0.001087804 0.001148125 0.002990957 0.0162433 0.1170466 0.005842195 0.1207617 0.001671031 -9999 -9999 -9999 -9999 -9999 -9999 -9999 -9999 -9999 -9999 -9999 9.276942e-005 0.007493675 0.01024397 0.734324 0.008469659 5.73546e-005 -9999 -9999 -9999 -9999 -9999 -9999 -9999 -9999 -9999
