data/raw/spatialecon-gecon-v4-gis-ascii/GIS data ASCII/MER2005/mer2005sum.asc
ncols         360
nrows         140
xllcorner     -180.0
yllcorner     -56.0
cellsize      1
NODATA_value  -9999
[rows 62 to 92 of 140, columns 140 to 209 of 360]
-9999 -9999 -9999 -9999 -9999 -9999 -9999 -9999 -9999 -9999 -9999 -9999 -9999 -9999 -9999 -9999 -9999 -9999 -9999 -9999 -9999 -9999 0.0001749509 0.01474216 0.0126801 0.01059202 0.006247585 0.002401725 0.0002382326 0.0002548795 0.0002741902 0.0002739536 0.0002875744 0.0004288303 0.0009925518 0.001287179 0.001287179 0.001287179 0.001287179 0.001812265 0.01007004 0.01929135 0.008537434 0.006581688 0.006581688 0.006581688 0.0064372 0.006248736 0.004759695 0.002813835 0.002649298 0.0001135212 0.0001158175 0.0001158175 0.0001158175 0.0006989841 0.0009537078 0.0009537078 0.0009537078 0.002029771 0.004449255 0.005765533 0.005764666 0.005764666 0.005764666 0.002600737 0.002600711 0.002600711 0.002600711 0.002600716
-9999 -9999 -9999 -9999 -9999 -9999 -9999 -9999 -9999 -9999 -9999 -9999 -9999 -9999 -9999 -9999 -9999 -9999 -9999 -9999 -9999 -9999 0.0003353661 0.01657957 0.010903 0.003210941 0.007777632 0.002386004 0.0002765149 0.000276205 0.000275803 0.000275803 0.0003430405 0.0004037783 0.0006750153 0.001610814 0.00129585 0.001295724 0.001636567 0.001197561 0.001101549 0.008691347 0.008644899 0.006626023 0.006626023 0.006626023 0.006072226 0.003328659 0.00270212 0.002579836 0.002700561 0.0001178485 0.0001165972 0.0001165972 0.0001165972 0.000303629 0.0009601314 0.0009601314 0.0009601314 0.0009601314 0.0009601314 0.002053627 0.004508688 0.005810675 0.005803486 0.002794062 0.002681102 0.002618224 0.002618224 0.002618224
-9999 -9999 -9999 -9999 -9999 -9999 -9999 -9999 -9999 -9999 -9999 -9999 -9999 -9999 -9999 -9999 -9999 -9999 -9999 -9999 -9999 -9999 -9999 0.004426395 0.001671592 0.002843336 0.004175429 0.00253221 0.00246601 0.0001559801 0.0001514744 0.0001867372 0.0003898524 0.0003926826 0.0006347589 0.002118268 0.001563749 0.0009629615 0.001001764 0.001107399 0.001085589 0.001108519 0.001158964 0.005555325 0.00635551 0.005992981 0.002851353 0.002614852 0.002723669 0.00272444 0.00272444 0.0001221289 0.001137347 0.001459049 0.0001173416 0.0003768169 0.0009662597 0.0009662597 0.0009662597 0.0009662597 0.0009662597 0.0009662597 0.0009662597 0.002161678 0.01114857 0.01114857 0.009653627 0.01029591 0.01376458 0.0137255
-9999 -9999 -9999 -9999 -9999 -9999 -9999 -9999 -9999 -9999 -9999 -9999 -9999 -9999 -9999 -9999 -9999 -9999 -9999 -9999 -9999 -9999 -9999 0.1030828 0.3766723 0.006280805 0.006547542 0.009337313 0.005863491 0.0001871687 0.0001109321 0.000276282 0.000395049 0.000395049 0.0006088988 0.005729971 0.002341335 0.0009158817 0.0008382334 0.00208614 0.001924864 0.001119843 0.001185601 0.001175641 0.003269524 0.00499174 0.002268825 0.002586817 0.002740938 0.00274085 0.002741473 0.0001278446 0.001669586 0.002313136 0.0001207051 0.0004746378 0.000972092 0.000972092 0.0008726938 0.0009355548 0.000972092 0.0009522883 0.000972092 0.000972092 0.01121634 0.01121634 0.009153005 0.01332903 0.02132529 0.02132529
-9999 -9999 -9999 -9999 -9999 -9999 -9999 -9999 -9999 -9999 -9999 -9999 -9999 -9999 0.06032154 0.001666444 -9999 -9999 -9999 -9999 -9999 -9999 -9999 0.01609328 0.1014547 0.01220909 0.01596588 0.01640745 0.01838298 0.003802081 0.003816881 0.002188019 0.000411177 0.0003972996 0.0006175906 0.005434031 0.006419635 0.002067293 0.006774917 0.006979295 0.006250407 0.003690469 0.002544494 0.002510058 0.002900055 0.004249227 0.003655729 0.004467946 0.004961889 0.005007885 0.004976034 0.0004978732 0.0002638745 0.0003226673 0.0003233213 0.0006272273 0.0009693091 0.0008877761 0.000827425 0.0009380024 0.0009753471 0.0009550892 0.0009554438 0.0009776233 0.01127986 0.01058037 0.008045576 0.01345889 0.02144679 0.02144679
-9999 -9999 -9999 -9999 -9999 -9999 -9999 -9999 -9999 -9999 -9999 -9999 -9999 -9999 0.04783747 0.09813521 -9999 0.04276162 -9999 -9999 -9999 -9999 -9999 0.1286275 0.1254926 0.1104085 0.08070399 0.05401775 0.05644337 0.02268625 0.02361152 0.03473955 0.025442 0.01488187 0.007136302 0.01063145 0.1101017 0.01884869 0.01775542 0.03090616 0.04192156 0.006094782 0.002540663 0.002445849 0.002876507 0.003136153 0.004365885 0.004530152 0.004881401 0.004206904 0.00203173 0.001407197 0.0003247631 0.0003247631 0.0009235946 0.006712985 0.003843065 0.0009809413 0.0007961512 0.001162472 0.0009386548 0.0009404605 0.0009754436 0.0009720795 0.01065937 0.009153241 0.00993411 0.01909918 0.02260275 0.0228666
-9999 -9999 -9999 -9999 -9999 -9999 -9999 -9999 -9999 -9999 -9999 -9999 -9999 -9999 -9999 0.007261064 0.3420039 0.0004591443 -9999 -9999 -9999 -9999 0.003267007 0.5012323 0.1442206 0.08102506 0.09465282 0.09903117 0.04706962 0.04532762 0.074725 0.04128606 0.03570718 0.03151983 0.0104247 0.04161034 0.06756084 0.0248691 0.01658958 0.009893539 0.01463681 0.01278927 0.01389741 0.02694269 0.008070379 0.01105088 0.005565241 0.004714496 0.006642947 0.004401262 0.001395681 0.001276542 0.0003113698 0.0004608182 0.007461593 0.009715523 0.009715523 0.008464625 0.007845694 0.01522613 0.009782686 0.0143556 0.01381253 0.008522452 0.01101558 0.009736073 0.008650593 0.01772027 0.01792946 0.01792946
-9999 -9999 -9999 -9999 -9999 -9999 -9999 -9999 -9999 -9999 -9999 -9999 -9999 -9999 -9999 0.06691163 0.1147532 -9999 -9999 -9999 -9999 -9999 2.036181 1.321014 0.4855359 0.1178452 0.08277698 0.09846985 0.07251704 0.04410777 0.04169258 0.02784688 0.03189081 0.04184894 0.05841186 0.1177729 0.1150815 0.05664851 0.05895261 0.06855809 0.05887935 0.08829795 0.06776775 0.06565017 0.08298537 0.182952 0.1360376 0.1337733 0.08731972 0.04960128 0.01566705 0.005947499 0.001020456 0.01255089 0.01528245 0.009756307 0.008424979 0.01168941 0.0203358 0.02002931 0.01744649 0.0164334 0.08134606 0.06773262 0.02247436 0.01363548 0.008691163 0.02253581 0.01817491 0.03306698
-9999 -9999 -9999 -9999 -9999 -9999 -9999 -9999 -9999 -9999 -9999 -9999 -9999 -9999 -9999 -9999 -9999 -9999 -9999 -9999 -9999 -9999 -9999 0.5839502 0.395378 0.2468673 0.110912 0.04374765 0.02358846 0.02336524 0.03618232 0.08380296 0.166072 0.1837406 0.1615821 0.130384 0.105131 0.2694721 0.2859967 0.188537 0.08698583 0.09299847 0.1383955 0.1192702 0.1281943 0.5058143 0.2675958 0.354981 0.3091676 0.1343433 0.08338179 0.06482843 0.05398818 0.04940604 0.02740475 0.02877016 0.01122558 0.01787215 0.02019509 0.02022498 0.02181321 0.1117757 0.1719065 0.1055294 0.1150907 0.1264442 0.05793063 0.1028414 0.1068053 0.1705079
-9999 -9999 -9999 -9999 -9999 -9999 -9999 -9999 -9999 -9999 -9999 -9999 -9999 -9999 -9999 -9999 -9999 -9999 -9999 -9999 -9999 -9999 -9999 0.3095082 0.3038146 0.1558254 0.1075107 0.07597314 0.06505258 0.02960362 0.05526783 0.3972817 0.1890951 0.1052703 0.2316514 0.148079 0.1545464 0.2992162 0.6005583 0.2838583 0.08669766 0.05141957 0.05670608 0.1513974 0.423719 0.3246702 0.3717992 0.8119409 1.059969 0.6440881 0.4095639 0.1085202 0.0915942 0.1215627 0.6580086 0.05987739 0.05910182 0.030074 0.01922437 0.01840485 0.02221642 0.03114822 0.1037085 0.09095577 0.1406109 0.1427407 0.06130792 0.1219435 0.1206877 0.1375923
-9999 -9999 -9999 -9999 -9999 -9999 -9999 -9999 -9999 -9999 -9999 -9999 -9999 -9999 -9999 -9999 -9999 -9999 -9999 -9999 -9999 -9999 -9999 0.008393062 0.09382701 0.1243073 0.1213548 0.3524558 0.1651812 0.08066066 0.1193568 0.1191406 0.1008471 0.1426122 0.1913873 0.2571812 0.1437648 0.1337279 0.1384312 0.2991391 0.1169128 0.08257026 0.1103755 0.1534791 0.2744411 0.2191423 0.2653158 0.9326226 1.591808 0.5800282 0.4805745 0.2091507 0.09391176 0.4852609 0.4255313 0.08405749 0.05940843 0.03614176 0.01796237 0.01143334 0.05766687 0.01458072 0.03197523 0.07104956 0.08810187 0.1029159 0.05781584 0.0928237 0.03627233 0.03428871
-9999 -9999 -9999 -9999 -9999 -9999 -9999 -9999 -9999 -9999 -9999 -9999 -9999 -9999 -9999 -9999 -9999 -9999 -9999 -9999 -9999 -9999 -9999 -9999 0.002529353 0.1335567 0.2292506 0.2837518 0.1742106 0.08535102 0.09412516 0.1080335 0.06009498 0.1254331 0.1602803 0.09382956 0.1008372 0.1456878 0.1256301 0.2988822 0.2493637 0.17301 0.114063 0.09314224 0.1116949 0.1561976 0.1496666 0.6787392 0.3728523 0.2341598 0.2476664 0.4068512 0.2372565 0.7963614 0.9717546 0.4096571 0.07633892 0.04549529 0.02492592 0.02357126 0.009786062 0.007798398 0.004590532 0.04977422 0.05109902 0.03415027 0.06304654 0.03801272 0.01674066 0.06177834
-9999 -9999 -9999 -9999 -9999 -9999 -9999 -9999 -9999 -9999 -9999 -9999 -9999 -9999 -9999 -9999 -9999 -9999 -9999 -9999 -9999 -9999 -9999 -9999 -9999 6.346556e-005 0.635471 0.2047006 0.07418064 0.1149153 0.1497292 0.137693 0.1080445 0.1404579 0.3418879 0.07037988 0.07967978 0.0763156 0.07317622 0.2508613 0.1475505 0.2940101 0.1488866 0.08892961 0.07378878 0.1628984 0.236152 0.2811807 0.5482972 0.4664582 0.1589751 0.3260637 0.2917225 0.3907817 0.2637231 0.3063682 0.1100405 0.1822681 0.1562439 0.04948194 0.007690021 0.002913404 0.002463303 0.02120635 0.02866624 0.003772212 0.03306044 0.03926251 0.06059603 0.04957733
-9999 -9999 -9999 -9999 -9999 -9999 -9999 -9999 -9999 -9999 -9999 -9999 -9999 -9999 -9999 -9999 -9999 -9999 -9999 -9999 -9999 -9999 -9999 -9999 -9999 -9999 0.2765632 0.259897 0.2012419 0.3265679 0.2179857 0.2026161 0.1164162 0.1540352 0.1719205 0.09625489 0.1591357 0.1785705 0.07689598 0.1075531 0.162035 0.1523592 0.1499623 0.3226542 0.6686069 0.236215 0.1881829 0.1943187 0.3153158 0.2676908 0.1204707 0.1866494 0.1543605 0.1203618 0.06124733 0.1331185 0.2368462 0.06196308 0.05437947 0.005018098 0.002165803 0.002608612 0.002312043 0.00770649 0.005658367 0.003782654 0.02107235 0.0583031 0.1351209 0.06026782
-9999 -9999 -9999 -9999 -9999 -9999 -9999 -9999 -9999 -9999 -9999 -9999 -9999 -9999 -9999 -9999 -9999 -9999 -9999 -9999 -9999 -9999 -9999 -9999 -9999 -9999 0.0001371045 0.06380288 0.2313464 0.04644072 0.09305211 0.3416132 0.4745997 0.4862852 0.5253088 0.418955 0.2822398 0.3666974 0.3042419 0.1039693 0.2659094 0.3199451 0.455106 1.280684 1.448222 1.101012 0.6136338 0.4867454 0.460365 0.350572 0.1423841 0.06104854 0.0817204 0.1224557 0.07962171 0.05449715 0.04595143 0.02022925 0.01440102 0.01199226 0.001651546 0.006776187 0.004190403 0.0009397645 0.0004832763 0.002387394 0.01262335 0.0231988 0.04522772 0.06028366
-9999 -9999 -9999 -9999 -9999 -9999 -9999 -9999 -9999 -9999 -9999 -9999 -9999 -9999 -9999 -9999 -9999 -9999 -9999 -9999 -9999 -9999 -9999 -9999 -9999 -9999 -9999 -9999 0.03895693 0.1186846 0.05716752 0.2550224 0.4582821 0.7383128 0.7447367 0.3763838 0.4208862 0.3321433 1.119144 0.4850128 0.4366123 1.068431 1.359129 3.427275 0.4296897 0.6378781 1.220826 1.462356 0.6699762 0.5107465 0.8102723 0.2301801 0.07760783 0.1213106 0.1070282 0.03900331 0.0207858 0.02645421 0.01250125 0.01917762 0.006169475 0.008686475 0.006540672 0.001124391 0.001105966 0.0002640416 0.01075648 0.01683528 0.03614457 0.05301299
-9999 -9999 -9999 -9999 -9999 -9999 -9999 -9999 -9999 -9999 -9999 -9999 -9999 -9999 -9999 -9999 -9999 -9999 -9999 -9999 -9999 -9999 -9999 -9999 -9999 -9999 -9999 -9999 -9999 0.006507045 0.04105754 0.05826734 0.141942 0.7802311 0.4400377 1.717095 1.514102 0.3263358 0.5475757 1.709143 0.1304578 0.002075878 -9999 -9999 5.798941 7.712679 3.973166 2.129333 0.3831959 0.782489 2.045451 0.2212337 0.1366935 0.07302369 0.05321635 0.02393796 0.01648332 0.01854409 0.009147265 0.02103415 0.03341644 0.02502295 0.004582183 0.00933711 0.002514162 0.004205129 0.003333881 0.01229642 0.02066481 0.01789974
-9999 -9999 -9999 -9999 -9999 -9999 -9999 -9999 -9999 -9999 -9999 -9999 -9999 -9999 -9999 -9999 -9999 -9999 -9999 -9999 -9999 -9999 -9999 -9999 -9999 -9999 -9999 -9999 -9999 -9999 0.0003175866 0.01282024 0.1523751 0.1701751 8.440073e-005 -9999 -9999 0.03477698 0.09563867 -9999 -9999 -9999 -9999 -9999 -9999 2.834335 10.15782 3.664602 1.349733 1.216371 0.385941 0.5947981 0.1680953 0.08310693 0.09526307 0.03725037 0.02673187 0.02435375 0.4324923 0.01521475 0.02191162 0.02626457 0.01674826 0.00773108 0.004172071 0.002238528 0.001877026 0.005921757 0.01407395 0.009665629
-9999 -9999 -9999 -9999 -9999 -9999 -9999 -9999 -9999 -9999 -9999 -9999 -9999 -9999 -9999 -9999 -9999 -9999 -9999 -9999 -9999 -9999 -9999 -9999 -9999 -9999 -9999 -9999 -9999 -9999 -9999 -9999 -9999 -9999 -9999 -9999 -9999 -9999 -9999 -9999 -9999 -9999 -9999 -9999 -9999 -9999 -9999 -9999 1.242982 0.8412392 0.3542043 1.077395 0.1370082 0.06679447 0.05914811 0.0253146 0.01321125 0.0220484 0.02621457 0.04584425 0.02665511 0.01398608 0.01822566 0.007853094 0.005252176 0.00795853 0.008064556 0.009933531 0.006653807 0.01258836
-9999 -9999 -9999 -9999 -9999 -9999 -9999 -9999 -9999 -9999 -9999 -9999 -9999 -9999 -9999 -9999 -9999 -9999 -9999 -9999 -9999 -9999 -9999 -9999 -9999 -9999 -9999 -9999 -9999 -9999 -9999 -9999 -9999 -9999 -9999 -9999 -9999 -9999 -9999 -9999 -9999 -9999 -9999 -9999 -9999 -9999 -9999 -9999 -9999 0.1365252 0.5294324 0.4018852 0.08855025 0.07017709 0.04497741 0.03506678 0.01833418 0.01793029 0.02818162 0.0307057 0.02574488 0.02428971 0.03375658 0.01224883 0.007280913 0.007720233 0.008522548 0.03094382 0.01783246 0.01770732
-9999 -9999 -9999 -9999 -9999 -9999 -9999 -9999 -9999 -9999 -9999 -9999 -9999 -9999 -9999 -9999 -9999 -9999 -9999 -9999 -9999 -9999 -9999 -9999 -9999 -9999 -9999 -9999 -9999 -9999 -9999 -9999 -9999 -9999 -9999 -9999 -9999 -9999 -9999 -9999 -9999 -9999 -9999 -9999 -9999 -9999 -9999 0.0103241 -9999 0.9687374 1.238283 0.8773758 0.136691 0.04598686 0.02878213 0.02080426 0.016425 0.02031852 0.00726971 0.007387225 0.008785512 0.008955266 0.007805231 0.007926959 0.008725295 0.005750791 0.003084468 0.01187099 0.006226943 0.02888205
-9999 -9999 -9999 -9999 -9999 -9999 -9999 -9999 -9999 -9999 -9999 -9999 -9999 -9999 -9999 -9999 -9999 -9999 -9999 -9999 -9999 -9999 -9999 -9999 -9999 -9999 -9999 -9999 -9999 -9999 -9999 -9999 -9999 -9999 -9999 -9999 -9999 -9999 -9999 -9999 -9999 -9999 -9999 -9999 -9999 -9999 0.1555768 -9999 -9999 2.737492 0.1280777 0.09258378 0.08763119 0.09127872 0.02927767 0.0280814 0.02102696 0.01930887 0.008554045 0.00715381 0.007165813 0.007922852 0.008900137 0.01231485 0.01971144 0.04645834 0.002717947 0.003862993 0.04193473 0.2136402
-9999 -9999 -9999 -9999 -9999 -9999 -9999 -9999 -9999 -9999 -9999 -9999 -9999 -9999 -9999 -9999 -9999 -9999 -9999 -9999 -9999 -9999 -9999 -9999 -9999 -9999 -9999 -9999 -9999 -9999 -9999 -9999 -9999 -9999 -9999 -9999 -9999 -9999 -9999 -9999 -9999 -9999 -9999 -9999 -9999 -9999 -9999 -9999 0.04859429 0.4158925 0.1743958 0.07981003 0.1115402 0.09426099 0.06292302 0.07302859 0.05190301 0.01902396 0.02519632 0.007828058 0.009996277 0.01189685 0.01034396 0.00913765 0.006119658 0.004923607 0.005050901 0.004575512 0.02618933 0.267542
-9999 -9999 -9999 -9999 -9999 -9999 -9999 -9999 -9999 -9999 -9999 -9999 -9999 -9999 -9999 -9999 -9999 -9999 -9999 -9999 -9999 -9999 -9999 -9999 -9999 -9999 -9999 -9999 -9999 -9999 -9999 -9999 -9999 -9999 -9999 -9999 -9999 -9999 -9999 -9999 -9999 -9999 -9999 -9999 -9999 0.02390162 -9999 -9999 0.004859957 0.2287605 0.1389465 0.1467957 0.1669335 0.4166676 0.0582776 0.08343451 0.05659714 0.01241212 0.01214377 0.007708945 0.002161995 0.004031021 0.009828025 0.00868494 0.006139395 0.005511035 0.006041704 0.007868679 0.08027766 1.108932
0.02073061 -9999 -9999 -9999 -9999 -9999 -9999 -9999 -9999 -9999 -9999 -9999 -9999 -9999 -9999 -9999 -9999 -9999 -9999 -9999 -9999 -9999 -9999 -9999 -9999 -9999 -9999 -9999 -9999 -9999 -9999 -9999 -9999 -9999 -9999 -9999 -9999 -9999 -9999 -9999 -9999 -9999 -9999 -9999 -9999 -9999 -9999 -9999 -9999 0.02045243 0.1347952 0.1971609 0.1075654 0.09991161 0.06388801 0.04417155 0.03282749 0.01181152 0.01677953 0.006179719 0.003405342 0.003198028 0.006323411 0.01059869 0.01125758 0.009163738 0.01302991 0.0109646 0.2071006 1.134457
0.6254593 9.635427 -9999 -9999 -9999 -9999 -9999 0.006443611 -9999 -9999 -9999 -9999 -9999 -9999 -9999 -9999 -9999 -9999 -9999 -9999 -9999 -9999 -9999 -9999 -9999 -9999 -9999 -9999 -9999 -9999 -9999 -9999 -9999 -9999 -9999 -9999 -9999 -9999 -9999 -9999 -9999 -9999 -9999 -9999 -9999 -9999 -9999 -9999 -9999 -9999 0.02679936 0.1218424 0.1844867 0.1296878 0.09953374 1.052904 0.0110038 0.02462032 0.02245498 0.007000517 0.003663464 0.00434506 0.009255328 0.04041364 0.01326511 0.005039671 0.02278405 0.01476316 0.05777839 0.3897131
0.2821481 1.046336 0.5182402 0.04371288 -9999 -9999 -9999 -9999 -9999 -9999 -9999 -9999 -9999 -9999 -9999 -9999 -9999 -9999 -9999 -9999 -9999 -9999 -9999 -9999 -9999 -9999 -9999 -9999 -9999 -9999 -9999 -9999 -9999 -9999 -9999 -9999 -9999 -9999 -9999 -9999 -9999 -9999 -9999 -9999 -9999 -9999 -9999 -9999 -9999 -9999 -9999 0.4768037 0.6036024 0.2924631 0.2421047 1.575755 0.02976532 0.02822618 0.07229513 0.04517288 0.01707345 0.0187787 0.01999239 0.01456561 0.01274486 0.004851655 0.02180166 0.009304625 0.01966162 0.1458824
0.2959971 0.3442521 1.155638 0.6391194 3.850709 -9999 -9999 -9999 -9999 -9999 -9999 -9999 -9999 -9999 -9999 -9999 -9999 -9999 -9999 -9999 -9999 -9999 -9999 -9999 -9999 -9999 -9999 -9999 -9999 -9999 -9999 -9999 -9999 -9999 -9999 -9999 -9999 -9999 -9999 -9999 -9999 -9999 -9999 -9999 -9999 -9999 -9999 -9999 -9999 -9999 -9999 2.883873 1.410057 0.09458769 0.06535288 0.06380151 0.03434733 0.02886 0.0433613 0.03617884 0.02555507 0.02672743 0.07496034 0.04019096 0.01680863 0.01231515 0.02555944 0.01943062 0.01637381 0.052401
0.4106182 0.6012934 0.4844125 0.4536434 1.224878 0.168798 -9999 -9999 -9999 -9999 -9999 -9999 -9999 -9999 -9999 -9999 -9999 -9999 -9999 -9999 -9999 -9999 -9999 -9999 -9999 -9999 -9999 -9999 -9999 -9999 -9999 -9999 -9999 -9999 -9999 -9999 -9999 -9999 -9999 -9999 -9999 -9999 -9999 -9999 -9999 -9999 -9999 -9999 -9999 -9999 -9999 0.0687127 0.3533225 0.06212911 0.0991886 0.1578164 0.125964 0.01566403 0.0113588 0.01994616 0.04277926 0.04047788 0.04487953 0.1845607 0.0493024 0.01891518 0.01427672 0.01342177 0.0157443 0.04144113
0.8860877 0.4116965 0.4616969 0.5354428 2.85754 6.050779 -9999 -9999 -9999 -9999 -9999 -9999 -9999 -9999 -9999 -9999 -9999 -9999 -9999 -9999 -9999 -9999 -9999 -9999 -9999 -9999 -9999 -9999 -9999 -9999 -9999 -9999 -9999 -9999 -9999 -9999 -9999 -9999 -9999 -9999 -9999 -9999 -9999 -9999 -9999 -9999 -9999 -9999 -9999 -9999 -9999 -9999 1.376349 0.06498405 0.1433846 0.1578774 0.1400346 0.0388472 0.01105347 0.02087283 0.03424409 0.03211013 0.02575752 0.04126187 0.01491442 0.01621642 0.02595081 0.01980916 0.01439339 0.02005713
0.2494083 0.3103919 0.2759534 1.283368 4.950769 6.530856 -9999 -9999 -9999 -9999 -9999 -9999 -9999 -9999 -9999 -9999 -9999 -9999 -9999 -9999 -9999 -9999 -9999 -9999 -9999 -9999 -9999 -9999 -9999 -9999 -9999 -9999 -9999 -9999 -9999 -9999 -9999 -9999 -9999 -9999 -9999 -9999 -9999 -9999 -9999 -9999 -9999 -9999 -9999 -9999 -9999 0.9663448 0.3565255 0.8862499 0.1257204 0.1664731 0.1232033 0.08231634 0.03224222 0.03240204 0.03180434 0.02643918 0.007159006 0.009051165 0.009710843 0.01463539 0.02591261 0.01330281 0.01205411 0.05227348
