data/raw/spatialecon-gecon-v4-gis-ascii/GIS data ASCII/MER2005/mer2005sum.asc
ncols         360
nrows         140
xllcorner     -180.0
yllcorner     -56.0
cellsize      1
NODATA_value  -9999
[rows 31 to 61 of 140, columns 70 to 139 of 360]
0.3195035 0.7669035 0.3954608 8.531072 0.3738351 0.4245602 0.1926462 0.1036312 0.05463621 0.06022375 0.007465704 0.008011137 0.02337085 0.0384456 0.03815157 0.02857479 0.01035856 0.009772744 0.01718689 0.005018341 0.01703472 0.01345426 0.02294351 0.005264125 0.005134857 0.005264125 0.005264125 0.04434889 0.04932399 5.670116e-006 1.201219e-006 0.04101042 0.001395999 0.001199305 0.001412343 0.001414775 0.001414775 0.001414775 0.001416466 0.0008313867 0 0 0.09130284 0.3055411 0.001856039 0.001699461 0.002150995 0.00265168 0.002707903 0.002679793 0.002832104 0.002867347 0.002992131 0.02954966 0.01045161 -9999 -9999 -9999 -9999 -9999 -9999 -9999 -9999 -9999 -9999 -9999 -9999 -9999 -9999 -9999
0.2808908 0.186672 0.2877557 0.2512009 0.4436953 0.3830432 0.323442 0.8960004 0.2372783 0.293056 0.131537 0.1079198 0.1457057 0.03558468 0.01846481 0.005339849 0.1203686 0.005282547 0.01588337 0.0352655 0.01052166 0.01285527 0.03705522 0.008540484 0.01245266 0.005563538 0.005811208 0.006191291 0.006228263 0.09192676 0.001272053 0.04147848 0.001442305 0.01390259 0.001446815 0.001446815 0.001241181 0.001395202 0.001244992 1.610646e-005 0.0001881783 0.000156203 0.0007161621 0.0008172247 0.0001400701 0.0004201978 0 0 0 0 0.004152158 0.03350882 0.03218816 0.06742207 0.0688219 -9999 -9999 -9999 -9999 -9999 -9999 -9999 -9999 -9999 -9999 -9999 -9999 -9999 -9999 -9999
0.1118056 0.145915 0.563534 0.1131459 1.226403 6.315799 0.6561245 0.6849968 0.3167258 0.2566103 0.4378507 0.1960381 0.951164 1.441385 0.1098055 0.0292084 0.07938603 0.02320374 0.09925106 0.0239826 0.02297353 0.01647605 0.01948005 0.03639293 0.006364204 0.006364204 0.006364204 0.006364204 0.006364204 0.006222513 0.003835818 0.001478285 0.001420745 0.001365567 0.001478285 0.02714593 0.05358944 0.0006076416 0.001766277 2.075378e-005 0.0003403344 0.0003491715 0.01965196 1.075206 0.02531463 0.02451265 0.05763866 0.009128978 0.02167969 0.02217613 0.01232565 0.001019058 0.07738325 0.0797298 0.00461533 -9999 -9999 -9999 -9999 -9999 -9999 -9999 -9999 -9999 -9999 -9999 -9999 -9999 -9999 -9999
0.1070427 0.136209 0.1012418 0.127706 0.2299843 0.1760628 0.6690458 0.7101521 0.2031883 0.4022272 1.127155 1.134024 18.95462 2.241473 0.1075993 0.4946938 0.05414972 0.2388833 0.05499695 0.01958411 0.02498944 0.06770203 0.02878482 0.1757373 0.1222757 0.08277162 0.2094607 0.3655713 0.2123344 0.02156188 0.008430872 0.001502104 0.1076018 0.05306356 0.02583629 0.2624522 2.309375e-005 0.03362229 0.002171445 1.316287e-005 0.000126797 0.6152961 0.06217609 0.1426124 0.07258052 0.06947479 0.003147566 0.00334986 0.0005078039 -9999 -9999 0.1032467 0.2735209 0.2145432 0.4841749 0.3939851 0.07747184 -9999 -9999 -9999 -9999 -9999 -9999 -9999 -9999 -9999 -9999 -9999 -9999 -9999
0.576729 0.1535136 0.08882323 0.2452777 0.2795891 0.2342518 0.8361822 0.2827877 2.469766 0.4936077 0.5654501 0.7138805 0.9995095 1.032603 0.8048869 0.2636029 0.8867972 0.1143511 0.146044 0.0446165 3.999015 0.1467071 0.1266443 0.1830184 0.05709673 0.1111024 0.03567279 0.02619626 1.003076 0.5244547 1.311741 1.225267 0.8538197 0.003474436 0.002345836 0.0373764 0.0008253746 1.387684 3.145918 0.7883157 0.3048676 1.487575 0.8698289 0.4696584 0.3575211 0.4807477 -9999 -9999 -9999 -9999 0.03726017 0.3266926 0.275781 0.03263851 0.2008387 0.3440417 0.5259945 0.0442196 -9999 -9999 -9999 -9999 -9999 -9999 -9999 -9999 -9999 -9999 -9999 -9999
0.3140331 0.05069873 0.02850955 0.04180763 0.07542838 0.5861026 0.1886172 0.3270198 0.7798974 0.3877374 0.527307 0.4179633 3.296287 1.500704 1.012112 1.529478 1.569761 2.754031 0.8499297 0.2068902 0.01554346 0.8942493 0.006240535 0 0.001602165 0.08342443 0.1219807 0.03865732 0.04430654 0.07516757 0.7280916 0.09476379 0.1945589 0.004268178 0.0009637981 0.03895982 0.01794878 0.4091476 0.3114258 1.063383 1.225657 1.494741 0.5374407 0.4408682 1.563857 0.6153761 -9999 0.003705471 0.246276 0.002258923 0.07943052 0.05005379 0.03922099 -9999 0.3413792 0.11381 1.886745 4.317797 -9999 -9999 -9999 -9999 -9999 -9999 -9999 -9999 -9999 -9999 -9999 -9999
0.1772496 0.3889316 0.1982209 0.1836255 0.3289572 0.1441868 0.2543636 0.9941319 0.3405464 3.851953 0.3580747 1.374241 1.07814 7.7272 2.794225 3.122009 1.227691 6.376488 1.126157 1.150141 0.6934703 0.8087726 2.127478 0.3639737 0.3464063 3.254186 0.2834219 0.5509369 1.408484 2.179799 1.824391 0.141432 0.1362008 0.1401297 0.8297237 1.082629 2.994703 6.267022 19.411 2.635433 0.07594219 0.7177038 2.359927 0.7566721 0.9827183 3.357242 2.631998 0.4979298 0.127241 1.044154 0.1563984 -9999 -9999 -9999 0.05175543 0.02019173 0.120217 0.01813839 -9999 -9999 -9999 -9999 -9999 -9999 -9999 -9999 -9999 -9999 -9999 -9999
0.5638809 4.886123 0.2683128 0.2180185 0.05308444 0.04596718 0.08691345 0.1590759 0.1684137 0.3738826 0.4272672 2.031143 0.8211159 1.178193 3.591008 9.191484 57.8321 10.55823 3.032307 1.642553 4.024534 1.819436 3.42944 0.3007798 1.40218 2.902306 1.080828 0.1100711 0.2522961 0.312327 1.579718 0.3732424 1.282493 3.960514 22.5925 8.207827 94.39653 9.599162 4.716624 0.6901045 0.7025205 1.162375 0.859055 4.188861 1.669142 1.662592 1.867069 1.178523 0.5048875 0.8395169 0.08296292 -9999 -9999 -9999 -9999 -9999 -9999 -9999 -9999 -9999 -9999 -9999 -9999 -9999 -9999 -9999 -9999 -9999 -9999 -9999
0.6770639 0.8832631 0.9343342 1.502776 1.880067 0.528734 4.95773 0.2013787 0.1829016 0.916147 0.3443407 1.282498 1.843055 2.271353 2.997703 5.265357 95.43557 19.4952 8.758333 3.793565 9.807184 23.18661 7.808898 1.148181 6.161535 2.958115 1.699717 0.06358267 1.86802 5.109274 18.39789 8.157893 5.493973 6.916642 5.942188 2.848032 11.15984 6.818958 2.946995 6.550286 8.774342 5.366211 0.6521677 0.2505157 0.9499837 1.826442 8.817222 0.1684268 -9999 -9999 -9999 -9999 -9999 -9999 -9999 -9999 -9999 -9999 -9999 -9999 -9999 -9999 -9999 -9999 -9999 -9999 -9999 -9999 -9999 -9999
0.3126113 1.008464 0.2305259 0.2476563 0.168226 0.3914929 0.8827432 0.5596755 0.2366045 0.2639912 0.5901584 1.299782 1.85779 10.18305 3.55338 3.384787 5.162255 5.762047 7.122514 4.214461 22.90668 37.24105 28.94689 8.028751 12.35726 12.14095 20.12306 4.111482 6.60186 46.72629 246.9752 21.34909 36.29749 21.34924 13.16358 3.383891 11.31781 8.361584 15.92155 23.06501 2.418344 -9999 -9999 0.2775134 0.488671 0.02071758 -9999 -9999 -9999 -9999 -9999 -9999 -9999 -9999 -9999 -9999 -9999 -9999 -9999 -9999 -9999 -9999 -9999 -9999 -9999 -9999 -9999 -9999 -9999 -9999
0.2090908 0.5454731 0.0258987 3.894733 0.6458003 0.7686491 0.284217 0.6806952 0.1185381 0.1417534 0.2520051 0.757593 3.096561 7.38534 2.888404 3.873039 6.062085 9.185547 8.105509 7.03647 20.81884 72.53487 82.75587 8.881427 38.26851 26.16086 179.395 46.41757 10.85723 9.450863 10.29212 39.56187 11.32699 19.25256 11.16228 8.288193 40.82174 36.98479 236.2441 43.76673 -9999 -9999 -9999 -9999 -9999 -9999 -9999 -9999 -9999 -9999 -9999 -9999 -9999 -9999 -9999 -9999 -9999 -9999 -9999 -9999 -9999 -9999 -9999 -9999 -9999 -9999 -9999 -9999 -9999 -9999
2.046289 0.03823421 0.5988477 0.2204279 1.695208 4.508728 1.711159 0.5121004 0.4109254 1.165579 0.5395448 1.032576 2.719427 22.024 17.55686 3.397125 24.90288 4.882201 13.37792 17.53568 7.533123 75.64486 257.43 23.62397 28.90038 11.14474 34.48755 16.55303 112.1325 26.81272 6.974555 4.985681 4.941768 8.90521 22.23491 50.78188 160.3967 95.09554 62.84287 25.31974 0.87955 -9999 -9999 -9999 -9999 -9999 -9999 -9999 -9999 -9999 -9999 -9999 -9999 -9999 -9999 -9999 -9999 -9999 -9999 -9999 -9999 -9999 -9999 -9999 -9999 -9999 -9999 -9999 -9999 -9999
0.8483624 0.09508272 0.8748741 1.084763 23.84374 6.239636 1.559728 0.5895372 0.4461452 0.9452323 2.620582 4.230387 2.33145 12.86102 2.917217 1.802033 1.422083 2.456464 5.132521 5.074056 17.9633 13.40657 5.636541 20.42241 18.58481 15.77087 25.17037 29.35145 27.62435 51.50534 63.52882 13.5229 15.01209 46.95968 147.8461 401.3232 573.7604 15.79776 -9999 -9999 -9999 -9999 -9999 -9999 -9999 -9999 -9999 -9999 -9999 -9999 -9999 -9999 -9999 -9999 -9999 -9999 -9999 -9999 -9999 -9999 -9999 -9999 -9999 -9999 -9999 -9999 -9999 -9999 -9999 -9999
0.2419795 4.65838 2.511982 4.286161 61.39115 70.35046 0.6125931 0.453802 0.6138107 0.4479888 0.8265811 0.6237782 1.225609 4.472143 8.393448 43.88837 3.029799 3.574793 4.970226 4.223018 12.38969 9.263088 8.310303 59.79182 18.94246 110.6911 25.84669 27.91086 8.084897 9.00939 8.612086 9.773484 82.51431 128.4394 149.2884 42.73862 -9999 -9999 -9999 -9999 -9999 -9999 -9999 -9999 -9999 -9999 -9999 -9999 -9999 -9999 -9999 -9999 -9999 -9999 -9999 -9999 -9999 -9999 -9999 -9999 -9999 -9999 -9999 -9999 -9999 -9999 -9999 -9999 -9999 -9999
0.3135845 0.8885384 1.635739 0.8147241 2.305394 25.93259 0.5943229 0.60059 0.3483961 0.7473405 1.505166 1.909038 6.8104 1.939135 7.741238 36.76258 4.340466 10.57635 5.307457 105.5606 13.30281 4.67342 9.97711 7.545767 48.88734 22.04012 5.345209 13.23122 12.47048 2.533002 3.400856 17.04886 159.0159 53.451 17.14008 1.457273 -9999 -9999 -9999 -9999 -9999 -9999 -9999 -9999 -9999 -9999 -9999 -9999 -9999 -9999 -9999 -9999 -9999 -9999 -9999 -9999 -9999 -9999 -9999 -9999 -9999 -9999 -9999 -9999 -9999 -9999 -9999 -9999 -9999 -9999
0.2185658 1.291537 2.088498 0.7213677 0.8580565 0.7547449 0.3806086 0.1853421 0.8023192 2.468498 0.8065044 1.024623 22.27321 2.404965 3.327657 7.015102 12.52055 4.490822 2.344041 3.572589 8.210564 7.284415 14.94615 6.034109 8.676522 14.30289 4.319538 7.590795 8.300997 10.94812 16.93199 5.909492 54.11602 23.90985 1.434142 -9999 -9999 -9999 -9999 -9999 -9999 -9999 -9999 -9999 -9999 -9999 -9999 -9999 -9999 -9999 -9999 -9999 -9999 -9999 -9999 -9999 -9999 -9999 -9999 -9999 -9999 -9999 -9999 -9999 -9999 -9999 -9999 -9999 -9999 -9999
0.7938564 3.132763 0.9231513 0.7877904 1.54973 0.4188433 0.1605604 0.4837447 1.093579 0.7508817 0.8824636 0.944985 5.457879 6.370524 28.79698 14.24589 6.256258 2.99896 2.312661 4.757517 5.867461 7.59521 13.36924 47.4791 6.076594 8.674649 13.58131 19.01576 9.086009 24.92094 31.55511 13.80266 5.965562 50.40049 3.214161 -9999 -9999 -9999 -9999 -9999 -9999 -9999 -9999 -9999 -9999 -9999 -9999 -9999 -9999 -9999 -9999 -9999 -9999 -9999 -9999 -9999 -9999 -9999 -9999 -9999 -9999 -9999 -9999 -9999 -9999 -9999 -9999 -9999 -9999 -9999
0.7744933 1.73861 1.024535 32.68944 5.539653 0.1388152 0.350969 0.6337088 9.742249 1.501991 1.20844 2.200721 43.10318 5.527056 7.880198 9.929477 3.781529 5.154483 4.312314 17.24174 38.6599 8.555972 6.995008 20.09869 17.96805 18.84013 15.14929 21.04277 34.45285 72.98186 25.21206 60.40097 21.48505 2.705942 0.7688222 -9999 -9999 -9999 -9999 -9999 -9999 -9999 -9999 -9999 -9999 -9999 -9999 -9999 -9999 -9999 -9999 -9999 -9999 -9999 -9999 -9999 -9999 -9999 -9999 -9999 -9999 -9999 -9999 -9999 -9999 -9999 -9999 -9999 -9999 -9999
0.8455139 0.1320359 0.3321088 4.889622 0.1812021 0.1271809 2.395875 1.96556 2.543285 0.6074716 2.031409 6.141185 4.529999 2.804727 1.927394 2.010117 4.110958 25.17254 2.925944 5.450665 6.944643 7.111013 9.409005 23.54801 15.1575 49.53968 18.92148 30.50556 18.74934 15.31655 13.35816 9.438112 16.3286 3.370427 -9999 -9999 -9999 -9999 -9999 -9999 -9999 -9999 -9999 -9999 -9999 -9999 -9999 -9999 -9999 -9999 -9999 -9999 -9999 -9999 -9999 -9999 -9999 -9999 -9999 -9999 -9999 -9999 -9999 -9999 -9999 -9999 -9999 -9999 -9999 -9999
0.2946063 0.1146191 0.3798818 0.2995999 0.7328968 1.95192 0.2176874 2.491803 10.05349 0.2215493 0.6253118 6.200286 17.53654 43.78777 4.653854 7.594628 3.443849 3.695612 3.427673 3.896348 3.097779 5.569203 12.70635 42.24739 10.79045 151.7296 19.55057 13.73497 15.05236 13.59142 7.737536 5.341936 0.1696678 -9999 -9999 -9999 -9999 -9999 -9999 -9999 -9999 -9999 -9999 -9999 -9999 -9999 -9999 -9999 -9999 -9999 -9999 -9999 -9999 -9999 -9999 -9999 -9999 -9999 -9999 -9999 -9999 -9999 -9999 -9999 -9999 -9999 -9999 -9999 -9999 -9999
1.262594 1.000551 1.238805 5.094747 1.458288 2.061856 2.171242 4.045031 2.164522 2.130904 6.246562 3.592202 90.68256 141.5429 13.56773 13.18782 21.64213 10.88458 4.728458 16.75193 5.366938 3.988618 2.857172 14.50675 8.989234 13.52065 16.00562 4.871823 11.7718 16.62515 7.622574 -9999 -9999 -9999 -9999 -9999 -9999 -9999 -9999 -9999 -9999 -9999 -9999 -9999 -9999 -9999 -9999 -9999 -9999 -9999 -9999 -9999 -9999 -9999 -9999 -9999 -9999 -9999 -9999 -9999 -9999 -9999 -9999 -9999 -9999 -9999 -9999 -9999 -9999 -9999
1.535739 0.2733234 0.3551037 36.50415 0.2424537 0.08680163 0.6743261 7.923992 0.9682704 4.450975 1.382862 2.597997 21.27863 3.046589 4.095487 6.875891 4.983407 9.845078 3.246515 3.9835 7.699172 2.503133 3.066222 3.529715 8.714046 6.863712 6.831404 4.839177 10.80412 0.6257077 -9999 -9999 -9999 -9999 -9999 -9999 -9999 -9999 -9999 -9999 -9999 -9999 -9999 -9999 -9999 -9999 -9999 -9999 -9999 -9999 -9999 -9999 -9999 -9999 -9999 -9999 -9999 -9999 -9999 -9999 -9999 -9999 -9999 -9999 -9999 -9999 -9999 -9999 -9999 -9999
0.3191818 0.1591213 0.6954236 0.09583712 0.0945508 0.1171908 0.2984693 0.353457 0.1444121 0.300048 2.185806 5.863113 57.22034 9.304353 41.64223 11.23165 12.83995 19.12836 33.45016 28.13325 12.51096 17.86892 17.47466 9.767186 8.001435 13.47186 6.696173 3.972266 43.36711 -9999 -9999 -9999 -9999 -9999 -9999 -9999 -9999 -9999 -9999 -9999 -9999 -9999 -9999 -9999 -9999 -9999 -9999 -9999 -9999 -9999 -9999 -9999 -9999 -9999 -9999 -9999 -9999 -9999 -9999 -9999 -9999 -9999 -9999 -9999 -9999 -9999 -9999 -9999 -9999 -9999
0.1162593 0.233405 0.4617915 3.842221 0.1548427 0.2215677 0.1562701 0.7716429 0.7002957 1.437445 2.246485 73.15046 6.777876 4.852448 219.4242 12.75098 3.884197 1.135428 5.199693 37.18258 1.225482 -9999 -9999 -9999 0.4026106 0.2246557 0.4866521 16.8304 17.70142 1.728469 -9999 -9999 -9999 -9999 -9999 -9999 -9999 -9999 -9999 -9999 -9999 -9999 -9999 -9999 -9999 -9999 -9999 -9999 -9999 -9999 -9999 -9999 -9999 -9999 -9999 -9999 -9999 -9999 -9999 -9999 -9999 -9999 -9999 -9999 -9999 -9999 -9999 -9999 -9999 -9999
0.8589317 0.2644126 1.034046 3.681401 2.126175 0.2529845 0.09363614 0.4255912 0.8424969 3.154212 0.8252136 1.193462 4.468642 3.985048 1.587046 -9999 -9999 -9999 -9999 -9999 0.001088163 -9999 -9999 -9999 -9999 -9999 -9999 50.50835 77.66097 17.58828 -9999 -9999 -9999 -9999 -9999 -9999 -9999 -9999 -9999 -9999 -9999 -9999 -9999 -9999 -9999 -9999 -9999 -9999 -9999 -9999 -9999 -9999 -9999 -9999 -9999 -9999 -9999 -9999 -9999 -9999 -9999 -9999 -9999 -9999 -9999 -9999 -9999 -9999 -9999 -9999
2.894888 0.3346735 0.7063497 0.3599203 1.013535 0.3314482 0.06945676 0.1177156 1.410893 0.2271114 8.772093 2.090138 16.58036 0.009856074 -9999 -9999 -9999 -9999 -9999 -9999 -9999 -9999 -9999 -9999 -9999 -9999 -9999 84.88101 9.791872 21.99108 -9999 -1e+008 -1e+008 -9999 -9999 -9999 -9999 -9999 -9999 -9999 -9999 -9999 -9999 -9999 -9999 -9999 -9999 -9999 -9999 -9999 -9999 -9999 -9999 -9999 -9999 -9999 -9999 -9999 -9999 -9999 -9999 -9999 -9999 -9999 -9999 -9999 -9999 -9999 -9999 -9999
1.874353 0.9758105 0.5770693 0.3444131 0.2881971 0.2072672 0.5080879 0.5855768 2.318121 1.10522 0.9663125 13.71306 7.02675 -9999 -9999 -9999 -9999 -9999 -9999 -9999 -9999 -9999 -9999 -9999 -9999 -9999 -9999 6.700204 32.78069 134.665 -9999 -1e+008 -1e+008 -1e+008 -9999 -9999 -9999 -9999 -9999 -9999 -9999 -9999 -9999 -9999 -9999 -9999 -9999 -9999 -9999 -9999 -9999 -9999 -9999 -9999 -9999 -9999 -9999 -9999 -9999 -9999 -9999 -9999 -9999 -9999 -9999 -9999 -9999 -9999 -9999 -9999
0.7615625 2.659823 1.130803 0.2161238 0.1968787 0.2431013 6.689598 0.43356 2.886464 42.2654 2.232058 4.613826 7.963933 -9999 -9999 -9999 -9999 -9999 -9999 -9999 -9999 -9999 -9999 -9999 -9999 -9999 -9999 -9999 1.194496 95.75077 -1e+008 -1e+008 -1e+008 -1e+008 -9999 -9999 -9999 -9999 -9999 -9999 -9999 -9999 -9999 -9999 -9999 -9999 -9999 -9999 -9999 -9999 -9999 -9999 -9999 -9999 -9999 -9999 -9999 -9999 -9999 -9999 -9999 -9999 -9999 -9999 -9999 -9999 -9999 -9999 -9999 -9999
0.01839113 0.03614255 4.380432 0.4820861 0.8599007 1.376763 1.344021 0.09733015 1.110307 1.582251 1.208987 0.3821599 0.1277106 -9999 -9999 -9999 -9999 -9999 -9999 -9999 -9999 -9999 -9999 -9999 -9999 -9999 -9999 -9999 -9999 0.5358661 -9999 -1e+008 -1e+008 -1e+008 -1e+008 -1e+008 -9999 -9999 -9999 -9999 -9999 -9999 -9999 -9999 -9999 -9999 -9999 -9999 -9999 -9999 -9999 -9999 -9999 -9999 -9999 -9999 -9999 -9999 -9999 -9999 -9999 -9999 -9999 -9999 -9999 -9999 -9999 -9999 -9999 -9999
0.8805274 -9999 0.009775894 2.185579 0.9628474 1.367679 0.8850771 0.6604635 0.2414393 1.201246 2.822222 0.4466249 0.09103232 -9999 -9999 -9999 -9999 -9999 -9999 -9999 -9999 -9999 -9999 -9999 -9999 -9999 -1e+008 -1e+008 -1e+008 -1e+008 -2e+008 -9999 -1e+008 -1e+008 -1e+008 -1e+008 -1e+008 -9999 -9999 -9999 -9999 -9999 -9999 -9999 -9999 -9999 -9999 -9999 -9999 -9999 -9999 -9999 -9999 -9999 -9999 -9999 -9999 -9999 -9999 -9999 -9999 -9999 -9999 -9999 -9999 -9999 -9999 -9999 -9999 -9999
0.05467438 -9999 -9999 0.008128763 0.7956545 0.2621129 0.6866963 5.089636 3.097849 3.621727 1.333745 2.171804 3.18437 -9999 -9999 -9999 -9999 -9999 -9999 -9999 -9999 -9999 -9999 -9999 -9999 -1e+008 -1e+008 -1e+008 -1e+008 -1e+008 -1e+008 -1e+008 -1e+008 -9999 -1e+008 -1e+008 -1e+008 -1e+008 -9999 -9999 -9999 -9999 -9999 -9999 -9999 -9999 -9999 -9999 -9999 -9999 -9999 -9999 -9999 -9999 -9999 -9999 -9999 -9999 -9999 -9999 -9999 -9999 -9999 -9999 -9999 -9999 -9999 -9999 -9999 -9999
