data/raw/spatialecon-gecon-v4-gis-ascii/GIS data ASCII/MER2005/mer2005sum.asc
ncols         360
nrows         140
xllcorner     -180.0
yllcorner     -56.0
cellsize      1
NODATA_value  -9999
[rows 31 to 61 of 140, columns 140 to 209 of 360]
-9999 -9999 -9999 -9999 -9999 -9999 -9999 -9999 -9999 -9999 -9999 -9999 -9999 -9999 -9999 -9999 -9999 -9999 -9999 -9999 -9999 -9999 -9999 -9999 -9999 -9999 -9999 -9999 -9999 0.3676433 6.51579 11.16191 7.549349 6.088681 0.02310365 2.365147 10.17489 55.66987 143.7127 57.99945 27.37771 25.59335 -9999 -9999 119.0494 77.82494 41.85635 30.88771 44.7485 50.74499 39.9342 14.36312 11.4763 92.52451 8.12147 2.649559 9.529483 5.186566 4.462024 3.981837 17.8717 22.3101 1.94558 1.383609 0.521559 0.5892997 0.5655403 0.5771331 0.334033 0.6969546
-9999 -9999 -9999 -9999 -9999 -9999 -9999 -9999 -9999 -9999 -9999 -9999 -9999 -9999 -9999 -9999 -9999 -9999 -9999 -9999 -9999 -9999 -9999 -9999 -9999 -9999 -9999 -9999 -9999 0.3008547 2.064935 12.91983 0.4134687 -9999 0.6390765 7.266366 44.42055 72.75139 59.34821 499.9552 124.2606 15.4249 8.175754 32.91095 142.8391 92.7009 161.8775 149.0572 43.38166 32.58523 20.32436 22.55209 32.05136 28.76282 16.48948 4.296866 8.375318 6.48717 3.643283 10.13688 3.576732 4.222867 4.473754 1.378424 0.2958849 0.2526511 0.325301 0.2144015 0.2244728 0.1995025
-9999 -9999 -9999 -9999 -9999 -9999 -9999 -9999 -9999 -9999 -9999 -9999 -9999 -9999 -9999 -9999 -9999 -9999 -9999 -9999 -9999 -9999 -9999 -9999 -9999 -9999 -9999 -9999 -9999 -9999 -9999 -9999 -9999 -9999 4.59137 13.95638 17.17476 9.80133 47.7482 27.89876 10.15711 9.991723 32.45046 77.14779 116.782 46.85125 62.55225 71.86676 128.5689 31.45357 25.52373 25.78448 30.05717 11.87178 25.51893 7.14055 5.424185 3.956893 14.92113 16.36563 6.768864 4.579527 3.401503 1.620708 0.5170561 0.5676715 0.6966856 0.3802428 0.6092227 0.370124
-9999 -9999 -9999 -9999 -9999 -9999 -9999 -9999 -9999 -9999 -9999 -9999 -9999 -9999 -9999 -9999 -9999 -9999 -9999 -9999 -9999 -9999 -9999 -9999 -9999 -9999 -9999 -9999 -9999 -9999 -9999 -9999 -9999 0.04376529 0.07480789 -9999 -9999 -9999 6.930327 10.96575 20.28687 29.29935 39.28762 13.71124 13.22455 16.88226 59.07317 35.10546 117.1727 49.5143 34.83209 48.01424 19.23086 5.368152 5.834088 4.181729 7.508013 7.190874 13.74689 7.23348 4.277548 3.618381 1.856223 1.088984 0.9682176 0.5922545 0.5278588 0.4605227 0.5324282 0.2986403
-9999 -9999 -9999 -9999 -9999 -9999 -9999 -9999 -9999 -9999 -9999 -9999 -9999 -9999 -9999 -9999 -9999 -9999 -9999 -9999 -9999 -9999 -9999 -9999 -9999 -9999 -9999 -9999 -9999 -9999 -9999 -9999 -9999 -9999 0.02183197 12.35899 7.858912 9.657737 23.20766 10.16133 10.01207 26.49858 451.2062 10.01202 10.4965 6.154808 18.42118 45.07824 65.84254 105.7154 46.87941 124.289 33.10697 21.81198 25.01919 11.41295 78.33095 16.93905 6.446359 3.339225 4.194432 5.355655 1.535325 0.4557074 0.6434917 0.6827166 0.6198069 0.3405918 0.2569248 0.279713
-9999 -9999 -9999 -9999 -9999 -9999 -9999 -9999 -9999 -9999 -9999 -9999 -9999 -9999 -9999 -9999 -9999 -9999 -9999 -9999 -9999 -9999 -9999 -9999 -9999 -9999 -9999 -9999 -9999 -9999 -9999 -9999 -9999 -9999 -9999 2.606106 8.15549 14.14585 29.57604 18.1091 19.47625 15.647 11.3567 6.346062 5.910297 13.25055 21.31435 77.46634 117.8507 -9999 21.78466 32.27443 19.44553 19.62115 8.85336 20.8417 12.91456 5.013036 10.82286 26.8173 2.71936 4.19695 1.687571 1.51454 0.8517868 0.7415164 1.748147 1.503636 0.637565 0.3460615
-9999 -9999 -9999 -9999 -9999 -9999 -9999 -9999 -9999 -9999 -9999 -9999 -9999 -9999 -9999 -9999 -9999 -9999 -9999 -9999 -9999 -9999 -9999 -9999 -9999 -9999 -9999 -9999 -9999 -9999 -9999 -9999 -9999 -9999 -9999 -9999 -9999 0.6514027 14.007 11.73684 10.21714 5.802715 5.473036 7.594402 19.1758 10.93206 61.73444 42.06142 16.36138 13.84972 6.682548 20.56969 9.674127 13.42593 17.37779 18.7345 7.256046 2.495088 3.869069 -1e+008 -1e+008 2.138545 0.7617263 2.408373 1.787997 0.8641179 1.866681 1.091845 0.5896087 0.4998342
-9999 -9999 -9999 -9999 -9999 -9999 -9999 -9999 -9999 -9999 -9999 -9999 -9999 -9999 -9999 -9999 -9999 -9999 -9999 -9999 -9999 -9999 -9999 -9999 -9999 -9999 -9999 -9999 -9999 -9999 -9999 -9999 -9999 -9999 -9999 -9999 -9999 -9999 2.344048 11.53709 9.731748 11.34353 3.646872 15.69287 71.95265 38.09787 13.46303 49.7008 68.84147 188.7168 53.10535 67.32323 47.72644 17.02929 4.693619 4.767244 4.508404 1.512943 -1e+008 -1e+008 -1e+008 -1e+008 1.017592 1.342771 1.811402 2.835295 1.251894 1.697725 1.346178 0.219809
-9999 -9999 -9999 -9999 -9999 -9999 -9999 -9999 -9999 -9999 -9999 -9999 -9999 -9999 -9999 -9999 -9999 -9999 -9999 -9999 -9999 -9999 -9999 -9999 -9999 -9999 -9999 -9999 -9999 -9999 -9999 -9999 -9999 -9999 -9999 -9999 -9999 -9999 3.099134 28.61204 9.585587 6.657559 6.682016 3.104622 16.76132 5.811046 4.003911 22.60661 32.61721 17.77629 45.37643 46.56396 18.72463 0.2459995 0.2952476 1.891995 1.395013 1.307655 1.490316 -1e+008 -1e+008 -1e+008 -1e+008 1.722575 1.636707 2.771617 13.37301 1.028361 1.960431 0.01145333
-9999 -9999 -9999 -9999 -9999 -9999 -9999 -9999 -9999 -9999 -9999 -9999 -9999 -9999 -9999 -9999 -9999 -9999 -9999 -9999 -9999 -9999 -9999 -9999 -9999 -9999 -9999 -9999 -9999 -9999 0.3743903 11.06416 3.6316 2.372625 14.59548 3.047231 14.91505 28.26375 16.84698 13.20037 9.157266 35.20307 10.18451 21.00314 22.5229 58.55525 17.20041 -9999 0.9516894 0.09207002 32.14676 40.77434 -9999 21.29648 -9999 0.7441425 2.626409 2.366403 -1e+008 -1e+008 -1e+008 -1e+008 -1e+008 0.9853711 1.06596 1.074511 1.005706 1.603503 0.4662704 -9999
-9999 -9999 -9999 -9999 -9999 -9999 -9999 -9999 -9999 -9999 -9999 -9999 -9999 -9999 -9999 -9999 -9999 -9999 -9999 -9999 -9999 -9999 -9999 -9999 -9999 -9999 -9999 -9999 -9999 -9999 0.8362284 18.98323 5.597977 3.127706 5.57916 2.266223 5.305908 13.91652 11.98923 2.189724 1.937721 -9999 12.6988 2.770751 -9999 -9999 0.06784206 -9999 0.672457 2.457536 2.460546 8.647859 36.26568 15.49677 12.22469 0.00500898 0.09364778 0.5138266 -1e+008 -1e+008 -1e+008 -1e+008 -1e+008 6.629823 1.737188 1.42904 0.7358369 1.177644 0.00047982 -9999
-9999 -9999 -9999 -9999 -9999 -9999 -9999 -9999 -9999 -9999 -9999 -9999 -9999 -9999 -9999 -9999 -9999 -9999 -9999 -9999 -9999 -9999 -9999 -9999 -9999 -9999 -9999 -9999 -9999 -9999 -9999 31.21477 3.474256 1.328897 3.340515 11.44315 2.188753 1.36455 6.806862 11.5212 8.164455 28.59583 94.04585 1.826416 -9999 -9999 -9999 -9999 2.127875 1.874347 -9999 0.01217657 -9999 21.16067 18.50833 10.65387 17.21963 0.8053862 -9999 -1e+008 -1e+008 1.941987 1.25885 1.947565 2.420427 1.957854 2.881582 5.252542 47.7319 26.51541
-9999 -9999 -9999 -9999 -9999 -9999 -9999 -9999 -9999 -9999 -9999 -9999 -9999 -9999 -9999 -9999 -9999 -9999 -9999 -9999 -9999 -9999 -9999 -9999 -9999 -9999 -9999 -9999 -9999 -9999 -9999 13.12703 4.118162 2.02579 5.099618 9.272851 137.337 1.064335 1.650727 2.960646 5.511734 -9999 -9999 0.2630526 0.06700678 -9999 -9999 -9999 6.023312 4.282577 -9999 -9999 0.05753112 0.9401048 61.64225 10.56892 10.23217 17.05616 7.910073 1.142458 0.9819857 3.970615 17.46029 3.573286 1.38949 0.6551501 2.320807 2.474041 7.870216 29.68334
-9999 -9999 -9999 -9999 -9999 -9999 -9999 -9999 0.04720016 -9999 -9999 0.03189799 0.01868839 -9999 -9999 -9999 -9999 -9999 -9999 -9999 -9999 -9999 -9999 -9999 -9999 -9999 -9999 -9999 -9999 -9999 3.75498 9.238253 1.933931 3.323584 1.908091 3.726034 5.931055 2.708177 2.96018 39.01945 0.2466927 0.459561 11.66121 3.7178 0.9551077 -9999 -9999 -9999 6.30701 10.35164 -9999 -9999 -9999 -9999 -9999 1.205222 10.89775 1.363526 2.144556 1.149607 3.156481 2.761433 5.935842 0.6442521 0.01285437 0.2257223 3.301984 7.643713 6.067693 4.454026
-9999 -9999 -9999 -9999 -9999 -9999 -9999 -9999 -9999 -9999 -9999 0.3977101 0.6555966 -9999 -9999 -9999 -9999 -9999 -9999 -9999 -9999 -9999 -9999 -9999 -9999 -9999 -9999 -9999 -9999 -9999 47.58963 4.940575 2.668087 4.965012 2.039952 2.369237 4.672285 1.577579 8.332373 26.72832 1.841493 1.710197 -9999 -9999 -9999 -9999 -9999 -9999 0.2160088 0.00219526 -9999 -9999 0.8850678 14.68678 1.866251 12.26094 9.830985 0.2069652 -9999 -9999 0.8543901 5.068878 4.520927 40.34763 0.7737597 0.07689881 7.069635 16.07554 7.622097 2.395211
-9999 -9999 -9999 -9999 -9999 -9999 -9999 -9999 -9999 -9999 -9999 -9999 -9999 -9999 1.474727 -9999 -9999 -9999 -9999 -9999 -9999 -9999 -9999 -9999 -9999 -9999 -9999 -9999 -9999 -9999 -9999 4.326792 4.409935 12.44808 18.26462 11.83108 11.12321 2.774788 11.00232 4.985764 -9999 -9999 -9999 -9999 0.000452626 -9999 0.07529406 0.07161623 0.0196609 1.03509 0.410072 0.03220874 4.925539 10.67879 14.09608 14.67215 0.08267244 -9999 -9999 -9999 0.5829308 2.391184 4.855663 52.16109 1.333711 0.7644852 0.658493 4.298096 4.593657 2.6043
-9999 -9999 -9999 -9999 -9999 -9999 -9999 -9999 -9999 -9999 -9999 -9999 -9999 -9999 0.05344942 -9999 -9999 -9999 -9999 -9999 -9999 -9999 -9999 -9999 -9999 -9999 -9999 -9999 -9999 -9999 -9999 0.0002417428 0.2175469 9.776321 -9999 17.02297 2.754216 6.780738 0.07542176 -9999 1.053089 2.099767 2.44258 9.025323 4.9667 3.609915 4.411628 3.353134 2.511542 3.368994 6.930257 0.1860847 0.04451071 -9999 4.879617 1.459745 -9999 -9999 -9999 -9999 -9999 0.1976518 1.108007 0.1768321 0.1425559 0.3697048 0.1623973 0.8602116 2.412792 3.400202
-9999 -9999 -9999 -9999 -9999 -9999 -9999 -9999 -9999 -9999 -9999 -9999 -9999 -9999 -9999 -9999 -9999 -9999 -9999 -9999 -9999 -9999 -9999 -9999 -9999 -9999 -9999 -9999 -9999 -9999 -9999 -9999 -9999 0.3157512 3.928823 0.4500922 0.5321776 0.7253347 0.7282501 3.453413 2.821121 1.578627 1.436337 1.186014 1.306423 2.360844 1.683604 1.262714 1.330572 1.905502 4.089831 0.1591816 0.06953299 -9999 4.383848 -9999 -9999 -9999 -9999 -9999 -9999 -9999 -9999 0.7978808 2.911722 4.165077 0.241816 0.1166777 -9999 -9999
-9999 -9999 -9999 -9999 -9999 -9999 -9999 -9999 -9999 -9999 -9999 -9999 -9999 -9999 -9999 -9999 -9999 -9999 -9999 -9999 -9999 -9999 -9999 -9999 -9999 -9999 -9999 -9999 -9999 -9999 -9999 -9999 -9999 2.61932 3.917873 2.344148 1.264949 1.339435 1.617716 1.09403 0.4933237 0.640027 0.5351832 0.6636431 0.8244004 0.5410279 0.5052974 0.799404 1.150158 1.507284 1.527054 0.0491739 -9999 -9999 -9999 -9999 -9999 -9999 -9999 -9999 -9999 -9999 -9999 3.752914e-005 0.1188702 0.08149181 0.001010672 -9999 -9999 -9999
-9999 -9999 -9999 -9999 -9999 -9999 -9999 -9999 -9999 -9999 -9999 -9999 -9999 -9999 -9999 -9999 -9999 -9999 -9999 -9999 -9999 -9999 -9999 0.06733913 -9999 -9999 -9999 -9999 -9999 -9999 -9999 0.8881467 8.1521 2.802941 0.7292494 0.7844958 0.4631226 0.1806525 0.1021236 0.09044453 0.0540199 0.07661893 0.3910835 5.06801 0.8220292 0.2040332 0.1954203 0.3347929 0.1474813 0.6561615 0.840492 0.3047039 -9999 1.122017 -9999 -9999 -9999 -9999 -9999 -9999 -9999 -9999 -9999 -9999 -9999 -9999 -9999 -9999 -9999 -9999
-9999 -9999 -9999 -9999 -9999 -9999 -9999 -9999 -9999 -9999 -9999 -9999 -9999 -9999 -9999 -9999 -9999 -9999 -9999 -9999 -9999 -9999 0.6530206 3.030828 -9999 -9999 -9999 -9999 -9999 -9999 0.4848135 3.234847 1.950523 2.142545 1.19302 0.430384 0.1296103 0.06297154 0.06640382 0.0749144 0.05232009 0.05232009 0.1125805 0.1130852 0.5462939 5.374464 0.6488956 0.2723489 0.2344678 0.2834249 0.1121944 1.300642 2.844929 10.53711 2.783187 0.6859674 -9999 -9999 -9999 0.001893651 0.7333089 0.8555247 0.3690249 0.0625122 0.001116761 -9999 -9999 -9999 -9999 -9999
-9999 -9999 -9999 -9999 -9999 -9999 -9999 -9999 -9999 -9999 -9999 -9999 -9999 -9999 -9999 -9999 -9999 -9999 -9999 -9999 -9999 -9999 -9999 -9999 -9999 -9999 -9999 -9999 -9999 -9999 1.131317 2.789115 1.536857 0.872748 0.4425646 0.2656604 0.1464505 0.03180014 0.03160397 0.03929371 0.05085928 0.03663662 0.07845791 0.0810779 0.05664808 0.4544368 0.2787674 0.08423253 0.1012307 0.1080169 0.08416823 0.1518776 0.4209887 0.1255087 0.1834776 0.05062052 0.04543288 0.01142995 -9999 0.1163525 3.153898 1.37043 0.4371045 0.1279028 0.1011055 0.01866056 0.05229814 0.07418503 0.007819254 6.093316
-9999 -9999 -9999 -9999 -9999 -9999 -9999 -9999 -9999 -9999 -9999 -9999 -9999 -9999 -9999 -9999 -9999 -9999 -9999 -9999 -9999 -9999 -9999 -9999 -9999 -9999 -9999 -9999 -9999 -9999 2.36797 1.077604 0.6564132 0.3484397 0.3693194 0.09735063 0.04364719 0.03186865 0.03245724 0.03236132 0.02397429 0.02106228 0.08141065 0.07924503 0.05437074 0.7477727 0.05437074 0.05437074 0.05437074 0.07709311 0.07401505 0.09388983 0.1444621 0.1443588 0.1218342 0.08604243 0.1862611 0.2158212 0.1453818 0.01776042 0.04186657 0.04077045 0.08018614 0.1057556 0.09681429 0.006623733 0.02146042 1.105807 0.9403161 1.677746
-9999 -9999 -9999 -9999 -9999 -9999 -9999 -9999 -9999 -9999 -9999 -9999 -9999 -9999 -9999 -9999 -9999 -9999 -9999 -9999 -9999 -9999 -9999 -9999 -9999 -9999 0.5679244 -9999 -9999 0.1084671 0.8477492 0.306285 0.05022342 0.04262984 0.04211696 0.02575889 0.03278527 0.03278527 0.03278527 0.02533622 0.01903951 0.02219701 0.07732975 0.06555123 0.05492307 0.05492307 0.2598242 1.070312 0.09508695 1.041217 0.06967982 0.09288785 0.1459276 0.1212524 0.08918205 0.04844354 0.09899355 0.246498 0.1965229 0.1929106 1.103728 5.355602 0.04544608 0.1059229 0.09983091 0.02227473 0.01076765 0.002221101 0.002517906 0.009333014
-9999 -9999 -9999 -9999 -9999 -9999 -9999 -9999 -9999 -9999 -9999 -9999 -9999 -9999 -9999 -9999 -9999 -9999 -9999 -9999 -9999 0.001435572 1.31029 12.29119 8.896152 0.698918 2.365469 0.00318155 0.04458142 0.1279871 0.07114009 0.02268476 0.004122769 0.004122769 0.004122769 0.005275217 0.02285736 0.02495983 0.01994865 0.01922487 0.01922462 0.01922334 0.007261738 0.01625212 0.03071298 0.03029757 0.01965254 0.1049546 0.004624342 0.508231 0.05461154 0.06041518 0.09188376 0.05396113 0.04100758 0.02255764 0.0189827 0.1370972 0.2979663 0.2323425 0.04588789 1.084002 2.736642 0.09910265 0.1037438 0.002542382 0.002951102 0.006422703 0.01783101 0.01089825
-9999 -9999 -9999 -9999 -9999 -9999 -9999 -9999 -9999 -9999 -9999 -9999 -9999 -9999 -9999 -9999 -9999 -9999 -9999 -9999 -9999 0.05115961 0.08045186 0.008107802 3.873202 -9999 0.02616892 0.1101668 0.04184104 0.03281569 0.02150559 0.01129427 0.004091901 0.004115825 0.004161194 0.004161194 0.009222882 0.01940384 0.01940384 0.01940384 0.01940384 0.01864758 0.006275011 0.006185957 0.006275011 0.006211496 0.004777684 0.004667458 0.009465177 0.01084919 0.04955189 0.04846963 0.04840032 0.04824901 0.1435263 0.2648912 0.03827041 0.01961999 0.01961999 0.04126017 0.04551246 0.04579024 3.534317 0.04544397 0.04472773 0.002204895 0.00220147 0.006114927 0.006744251 0.004438229
-9999 -9999 -9999 -9999 -9999 -9999 -9999 -9999 -9999 -9999 -9999 -9999 -9999 -9999 -9999 -9999 -9999 -9999 -9999 -9999 -9999 -9999 -9999 -9999 -9999 0.002062568 0.04638572 0.06591816 0.01271847 0.01342181 0.01355903 0.004942168 0.001760869 0.003824638 0.004338377 0.01097984 0.01889661 0.01957718 0.01957718 0.01957718 0.01906406 0.01155849 0.006290657 0.006300799 0.006331007 0.006183295 0.005077091 0.004709159 0.004709159 0.01803817 0.04966609 0.04987708 0.05053783 0.05116195 0.1897235 0.04877134 0.01633871 0.01902503 0.01862485 0.007921947 0.005545105 0.005545105 0.005545105 0.005545105 0.005545105 0.001832927 0.001832927 0.001832927 0.001832927 0.001917942
-9999 -9999 -9999 -9999 -9999 -9999 -9999 -9999 -9999 -9999 -9999 -9999 -9999 -9999 -9999 -9999 -9999 -9999 -9999 -9999 -9999 -9999 -9999 -9999 -9999 0.009132602 0.01279409 0.01339467 0.0003602994 0.0003476584 0.0003467831 0.0003563306 0.000351267 0.0005749997 0.008367864 0.01955797 0.01974445 0.01974445 0.01974445 0.01974445 0.01868325 0.00903575 0.006276757 0.006385118 0.006385118 0.006368042 0.006324034 0.004992475 0.004749416 0.01060895 0.04838431 0.03712494 0.02414472 0.01546207 0.01438874 0.01438874 0.01438874 0.01438874 0.01438874 0.007090145 0.005592498 0.005592498 0.005592498 0.005592498 0.005592498 0.01469077 0.01554434 0.01675936 0.01776888 0.01446816
-9999 -9999 -9999 -9999 -9999 -9999 -9999 -9999 -9999 -9999 -9999 -9999 -9999 -9999 -9999 -9999 -9999 -9999 -9999 -9999 -9999 -9999 -9999 -9999 0.005405684 0.02069535 0.01907777 0.01697781 0.0002148162 0.0002317102 0.0002306296 0.0002316892 0.0002316797 0.0007444081 0.001242036 0.005290888 0.0165326 0.01991222 0.01991222 0.01991222 0.01991222 0.01071108 0.006407651 0.006439481 0.006439481 0.006439481 0.006439481 0.006011978 0.005180199 0.004789857 0.02160235 0.02241763 0.01451601 0.01451601 0.01451601 0.01451601 0.01451601 0.01451601 0.01451601 0.007190745 0.005640108 0.005640108 0.005640108 0.005640108 0.005640108 0.02174508 0.02174508 0.02174508 0.02174508 0.01561952
-9999 -9999 -9999 -9999 -9999 -9999 -9999 -9999 -9999 -9999 -9999 -9999 -9999 -9999 -9999 -9999 -9999 -9999 -9999 -9999 -9999 -9999 -9999 0.001150053 0.02283339 0.02212882 0.02554659 0.01580526 0.0002314098 0.0002331804 0.0002331804 0.00022884 0.0002402797 0.0007658434 0.001268655 0.001268655 0.001613271 0.01007237 0.01941567 0.02005907 0.02005907 0.01117157 0.006486957 0.006486957 0.006486957 0.006486957 0.006486957 0.006387989 0.005801547 0.004987897 0.004924659 0.004171751 0.008617619 0.01239745 0.01462299 0.01147064 0.0116106 0.01462302 0.01457381 0.007283232 0.005681691 0.005681691 0.005681691 0.005681691 0.005681691 0.02190542 0.02190542 0.02190542 0.0219052 0.01366543
-9999 -9999 -9999 -9999 -9999 -9999 -9999 -9999 -9999 -9999 -9999 -9999 -9999 -9999 -9999 -9999 -9999 -9999 -9999 -9999 -9999 -9999 -9999 0.009055975 0.01873799 0.005282104 0.005738567 0.03817647 0.0002349196 0.0002348664 0.0002332327 0.0002660816 0.0002720281 0.00043088 0.001526451 0.001278114 0.001278114 0.001278114 0.004042007 0.01568048 0.02020863 0.01309204 0.006535331 0.006535331 0.006535331 0.006535331 0.006299419 0.006456436 0.006455001 0.005194821 0.003832152 0.0001218359 0.0001150033 0.0004266088 0.002884956 0.00086772 0.0009468985 0.004429385 0.01084147 0.007354365 0.005724055 0.005724055 0.005724055 0.005724055 0.005724055 0.02201971 0.02200736 0.02199716 0.02138815 0.01308273
