data/raw/spatialecon-gecon-v4-gis-ascii/GIS data ASCII/PPP1995/ppp1995sum.asc
ncols         360
nrows         140
xllcorner     -180.0
yllcorner     -56.0
cellsize      1
NODATA_value  -9999
[rows 0 to 31 of 140, columns 210 to 279 of 360]
-9999 -9999 -9999 -9999 -9999 -9999 -9999 -9999 -9999 -9999 -9999 -9999 -9999 -9999 -9999 -9999 -9999 -9999 -9999 -9999 -9999 -9999 -9999 -9999 -9999 -9999 -9999 -9999 -9999 -9999 -9999 -9999 -9999 -9999 -9999 -9999 -9999 -9999 -9999 -9999 -9999 -9999 -9999 -9999 -9999 -9999 -9999 -9999 -9999 -9999 -9999 -9999 -9999 -9999 -9999 -9999 -9999 -9999 -9999 -9999 -9999 -9999 -9999 -9999 -9999 -9999 -9999 -9999 -9999 -9999
-9999 -9999 -9999 -9999 -9999 -9999 -9999 -9999 -9999 -9999 -9999 -9999 -9999 -9999 -9999 -9999 -9999 -9999 -9999 -9999 -9999 -9999 -9999 -9999 -9999 -9999 -9999 -9999 -9999 -9999 -9999 -9999 -9999 -9999 -9999 -9999 -9999 -9999 -9999 -9999 -9999 -9999 -9999 -9999 -9999 -9999 -9999 -9999 -9999 -9999 -9999 -9999 -9999 -9999 -9999 -9999 -9999 -9999 -9999 -9999 -9999 -9999 -9999 -9999 -9999 -9999 -9999 -9999 -9999 -9999
-9999 -9999 -9999 -9999 -9999 -9999 -9999 -9999 -9999 -9999 -9999 -9999 -9999 -9999 -9999 -9999 -9999 -9999 -9999 -9999 6.563902e-005 -9999 -9999 -9999 5.46146e-005 9.284478e-005 0.0002248309 0.0003291217 0.0003339318 0.0001056889 7.917563e-005 7.74457e-005 7.71085e-005 0.0001000488 0.0001605825 5.051878e-005 -9999 -9999 -9999 -9999 -9999 -9999 -9999 -9999 -9999 -9999 -9999 -9999 -9999 -9999 -9999 -9999 -9999 -9999 -9999 -9999 -9999 -9999 -9999 0 3.314573e-005 2.500233e-005 -9999 1.481182e-006 1.861731e-005 5.74988e-005 1.678476e-005 -9999 -9999 -9999
-9999 -9999 -9999 -9999 -9999 -9999 -9999 -9999 -9999 -9999 -9999 -9999 -9999 -9999 2.105259e-006 0.0001097165 0.0002583271 0.0003839856 0.0005164655 0.0005127464 0.000469861 0.0001417803 0.0001251738 0.000247004 0.0002932557 0.0003463005 0.0006940913 0.0006921003 0.0004466538 0.000349751 0.0005597581 0.0004714572 0.0001093068 0.0003183128 0.0003055266 6.047812e-005 -9999 -9999 -9999 -9999 -9999 -9999 -9999 -9999 -9999 -9999 -9999 -9999 0 2.834536e-005 9.926792e-006 -9999 -9999 -9999 -9999 -9999 -9999 -9999 -9999 -9999 0 2.47219e-005 8.991404e-005 0.0002452952 0.0002551576 0.0002489972 0.0002402258 0.0001179803 9.956189e-006 5.264166e-006
-9999 -9999 -9999 -9999 -9999 -9999 -9999 -9999 -9999 -9999 -9999 -9999 -9999 -9999 -9999 -9999 -9999 -9999 -9999 -9999 6.732094e-005 3.83138e-005 -9999 -9999 -9999 -9999 -9999 -9999 2.969907e-005 6.95924e-005 -9999 -9999 -9999 -9999 -9999 -9999 -9999 -9999 -9999 -9999 -9999 -9999 -9999 -9999 -9999 -9999 2.570768e-005 1.143159e-005 -9999 -9999 -9999 -9999 -9999 -9999 -9999 -9999 -9999 -9999 -9999 -9999 -9999 5.168147e-005 9.476709e-005 7.388219e-005 0.0001828317 0.0002899235 0.0003007416 0.0002829997 0.0002848609 0.0002521348
-9999 -9999 -9999 -9999 -9999 -9999 -9999 -9999 -9999 -9999 -9999 -9999 -9999 -9999 -9999 -9999 -9999 -9999 -9999 -9999 -9999 -9999 -9999 -9999 -9999 -9999 -9999 -9999 -9999 -9999 -9999 -9999 -9999 -9999 -9999 -9999 -9999 -9999 -9999 -9999 -9999 -9999 -9999 -9999 -9999 -9999 -9999 -9999 -9999 -9999 -9999 -9999 -9999 -9999 -9999 -9999 -9999 -9999 -9999 -9999 -9999 -9999 -9999 1.846759e-006 -9999 0 2.961408e-006 4.827189e-005 6.690728e-005 7.958974e-005
-9999 -9999 -9999 -9999 -9999 -9999 -9999 -9999 -9999 -9999 -9999 -9999 -9999 -9999 -9999 -9999 -9999 -9999 -9999 -9999 -9999 -9999 -9999 -9999 -9999 -9999 -9999 -9999 -9999 -9999 -9999 -9999 -9999 -9999 -9999 -9999 -9999 2.791396e-007 0 -9999 -9999 -9999 -9999 -9999 -9999 -9999 -9999 -9999 -9999 -9999 -9999 -9999 4.493694e-006 -9999 -9999 -9999 -9999 -9999 7.004394e-006 2.060867e-005 -9999 2.399391e-006 0 -9999 -9999 1.329577e-005 2.483282e-005 -9999 -9999 7.02378e-006
-9999 -9999 -9999 -9999 -9999 -9999 -9999 -9999 -9999 -9999 -9999 -9999 -9999 -9999 -9999 -9999 -9999 -9999 -9999 -9999 -9999 -9999 -9999 -9999 -9999 -9999 -9999 -9999 -9999 1.514572e-005 0.0001413753 0.0004498051 0.0003926296 0.0004751523 0.0006442149 0.0009075853 0.001354868 0.001364806 0.0008336554 -9999 -9999 -9999 -9999 -9999 -9999 -9999 -9999 -9999 -9999 -9999 -9999 -9999 -9999 -9999 -9999 -9999 -9999 -9999 -9999 -9999 -9999 -9999 1.023147e-006 2.484943e-005 6.870001e-005 0.0001120431 7.310619e-005 3.480138e-005 7.33145e-005 0.000139811
-9999 -9999 -9999 -9999 -9999 -9999 -9999 -9999 -9999 -9999 -9999 -9999 -9999 -9999 -9999 -9999 -9999 -9999 -9999 -9999 -9999 -9999 -9999 -9999 -9999 3.768411e-005 0.00030834 0.000730162 0.001306603 0.001637439 0.001681964 0.001274805 0.0009149858 0.0006488531 0.0004490281 0.0002264373 3.14497e-005 -9999 -9999 -9999 -9999 -9999 -9999 -9999 -9999 -9999 -9999 -9999 -9999 -9999 -9999 2.825036e-005 3.501355e-005 4.590247e-006 -9999 -9999 3.718478e-006 4.124761e-005 0.0001102642 0.0001983506 0.000254285 0.0002809234 0.000327967 0.0003903735 0.0004172645 0.0004106001 0.00039603 0.0004088993 0.0004189028 0.0004340735
-9999 -9999 -9999 -9999 -9999 -9999 -9999 -9999 -9999 -9999 -9999 -9999 -9999 -9999 -9999 -9999 -9999 -9999 -9999 -9999 -9999 -9999 -9999 -9999 6.463867e-005 0.0006743573 0.001670176 0.001847331 0.001425807 0.0007308036 0.0001946487 -9999 -9999 -9999 -9999 -9999 -9999 -9999 -9999 -9999 -9999 -9999 -9999 -9999 -9999 -9999 -9999 -9999 -9999 9.63563e-006 -9999 -9999 1.326198e-005 1.546495e-005 1.671684e-005 7.580678e-005 0.0002253076 0.0004173191 0.0004466709 0.0004466709 0.0004466709 0.0004466709 0.0004466709 0.0004466709 0.0004466709 0.0004466709 0.0004466709 0.0004487858 0.0004838418 0.0005173141
-9999 -9999 -9999 -9999 -9999 -9999 -9999 -9999 -9999 -9999 -9999 -9999 -9999 -9999 -9999 -9999 -9999 -9999 -9999 -9999 -9999 -9999 -9999 0.0004492272 0.001583445 0.001935784 0.00161069 0.0006441717 6.401785e-006 -9999 -9999 -9999 -9999 -9999 -9999 -9999 -9999 -9999 -9999 0.0001104857 0.004710583 0.001811059 -9999 -9999 0.0007938223 0.0005373598 0.0005776138 -9999 8.64808e-007 1.107969e-005 0.0001130087 0.0002856777 0.0003038565 0.00030934 0.0003494154 0.0003608807 0.000424541 0.0004690817 0.001309951 0.001883694 0.0020952 0.0007718426 0.0005694556 0.000555311 0.000522156 0.0005378399 0.00076678 0.000886865 0.0009186195 0.0009186195
-9999 -9999 -9999 -9999 -9999 -9999 -9999 -9999 -9999 -9999 -9999 -9999 -9999 -9999 -9999 -9999 -9999 -9999 -9999 -9999 -9999 0.0001042982 0.000821199 0.002071723 0.002153876 0.00132546 7.383237e-005 -9999 -9999 -9999 -9999 -9999 -9999 -9999 -9999 -9999 -9999 -9999 0.001825118 0.01069935 0.0108447 0.01073 0.006929158 -9999 0.001734064 0.005445588 0.0005223506 0.004576751 0.003995507 0.00080153 0.0002103211 0.0003289056 0.0006415243 0.0009692228 0.0008939288 0.001721889 0.005693025 0.005746237 0.00768583 0.009952177 0.009958901 0.008131813 0.003240882 0.001002388 0.0009732774 0.0009732774 0.0009732774 0.0009732774 0.0009732774 0.0009732774
-9999 -9999 -9999 -9999 -9999 -9999 -9999 -9999 -9999 -9999 -9999 -9999 -9999 -9999 -9999 -9999 -9999 -9999 -9999 -9999 -9999 0.000550824 0.001437004 0.001783476 0.002239441 0.001748223 0.0002252655 -9999 -9999 -9999 -9999 -9999 -9999 -9999 -9999 -9999 0.0005649208 0.005119903 0.01066551 0.01303778 0.01303778 0.01275368 0.003658725 0.007302342 0.01452723 0.007426844 0.00853956 0.01013007 0.01331545 0.01039092 0.002722427 0.001321242 0.0009180086 0.001223284 0.001750295 0.001750295 0.001750295 0.001750295 0.005391645 0.010426 0.0105074 0.0105074 0.0105074 0.004709658 0.001026889 0.001026889 0.001026889 0.001026889 0.001026889 0.001026889
0.1576043 0.003670474 -9999 -9999 -9999 -9999 -9999 -9999 -9999 -9999 -9999 -9999 -9999 -9999 -9999 -9999 -9999 -9999 -9999 -9999 -9999 -9999 0 0.0002022323 0.0006953859 0.000868824 0.0008579877 0.0002680599 0.0003646794 0.0006579943 2.293907e-005 -9999 -9999 -9999 -9999 -9999 0.0009529975 0.01042353 0.01371364 0.01371364 0.01223217 0.01370358 0.009084419 0.001137603 0.01407886 0.015577 0.01572937 0.01567886 0.01496134 0.01307877 0.006488805 0.001831281 0.001421455 0.001307197 0.001841117 0.002115672 0.006383086 0.005643487 0.008025978 0.01101375 0.01105253 0.01105253 0.01086202 0.005201244 0.001080137 0.001080137 0.001080137 0.001080137 0.001080137 0.001080137
0.2085257 0.1562437 0.7150801 3.527952 0.2414522 0.2425777 0.05631221 -9999 -9999 -9999 -9999 -9999 -9999 -9999 -9999 -9999 -9999 -9999 0.0007880145 0.001082496 0.0001287062 -9999 -9999 -9999 0 -9999 -9999 -9999 5.552006e-005 0.000522255 0.001244214 0.001983134 0.001823552 0.001584502 0.001453379 0.001893816 0.001104314 0.006378292 0.01296384 0.01408945 0.01349699 0.01430654 0.008250483 0.003689449 0.01441034 0.01284334 0.01407698 0.01651679 0.01642693 0.00933032 0.005151324 0.005001167 0.002771811 0.001795305 0.003755208 0.0104649 0.01127632 0.01005785 3.362057 0.01066953 0.01075809 0.01058439 0.003049602 0.001120836 0.001108242 0.00102095 0.0009489064 0.0008786579 0.0008468067 0.0008157644
0.1814536 0.1740835 1.021766 1.963709 0.06281203 0.06964167 0.2380096 0.1960307 0.006836842 0.001934334 0 -9999 -9999 0.0002349174 0.001215184 0.001287869 0.0003154732 -9999 0.0005119171 0.0004197071 0.0006693129 0.001216331 0.001447391 0.001862403 0.0006724233 0.001446038 0.001574561 0.00171862 0.002363281 0.001413756 0.001968011 0.002609186 0.002623527 0.004127259 0.113748 0.1365529 0.01216987 0.008144105 0.006081429 0.01487828 0.0149629 0.0147426 0.01369635 0.003067131 0.01276848 0.03866775 0.05076718 0.0128488 0.01708957 0.0172937 0.0172937 0.0172937 0.01355733 0.007185705 0.009826671 0.01228185 0.01254114 0.01142917 0.01111021 0.01121687 0.01037731 0.01104294 0.01064993 0.007207976 0.001332554 0.0007850862 0.0007887517 0.0007887517 0.0007887517 0.0007887517
0.3702419 0.5395305 1.25057 1.072504 0.3626895 0.02058382 0.01980511 0.01975192 0.01975192 0.01974436 0.01609169 0.001948512 -9999 0.0001795803 0.00243334 0.001231287 0.0003392606 0.0003305973 0.001901404 0.002550299 0.002703113 0.002739359 0.003082151 0.003278068 0.1951028 0.003384901 0.003336563 0.003288271 0.003624598 0.00441229 0.003771437 0.01142521 0.1296693 0.461995 0.6858693 0.5899765 0.06294084 0.01374543 0.01379551 0.01535976 0.01571391 0.01491235 0.008977583 0.001505253 0.02263495 0.03572151 0.0461328 0.04204253 0.02332321 0.01760891 0.01805402 0.01782726 0.009267818 0.006607081 0.00997696 0.05623757 0.06563918 0.03771694 0.01780032 0.00946326 0.009628007 0.006281315 0.001287522 0.0008056074 0.0008117246 0.0008078702 0.00082343 0.0008240534 0.0008240534 0.0008240534
0.1415801 0.1444497 0.1358877 0.04201733 0.01768223 0.01836135 0.02161986 0.0245706 0.02548384 0.02229415 0.01191674 0.004618893 0.008132696 0.004891622 0.006088549 0.004278266 0.002566221 0.002662396 0.003642408 0.006543461 0.01286147 0.02218262 0.02960739 0.04287368 0.04215385 0.03865186 0.03865233 0.7846562 0.06474131 0.1502997 0.1506663 0.1588884 0.4407123 0.5712488 0.2672124 0.01874888 1.809646 0.01432854 0.0151384 0.01938507 0.01959003 0.01526725 0.01772262 0.0317932 0.03720784 0.04119398 2.828341 0.06540907 0.06368753 0.03509221 0.01510139 0.01441677 0.01143093 0.008110814 0.005768304 0.02274457 0.0569711 0.0254921 0.005568238 0.0036271 0.00132171 0.0008588398 0.0008588171 0.000826066 0.0008353698 0.0008487612 0.0008589718 0.0008589718 0.0008589718 0.0008589718
0.04148681 0.03177767 0.03419025 0.04009524 0.02557372 0.008179669 0.002546184 0.003504437 -9999 0.004970784 0.03877746 0.03137847 0.0245929 0.02153388 0.01889388 0.0186902 0.01792445 0.01612578 0.01893468 0.02897864 0.03077904 0.03077904 0.03620344 0.090186 0.09053012 0.0597394 0.05711875 1.00183 0.07157494 0.136297 0.1591133 0.1659591 0.08698629 0.024644 0.024644 0.02420214 0.02398032 0.01976499 0.01576562 0.01855144 0.03152308 0.03869899 1.43995 0.03869899 0.03869899 0.04891006 0.06719636 0.06802947 0.06802947 0.0566853 0.01459754 0.01150406 0.01150406 0.01137362 0.009221298 0.005998551 0.005998551 0.005688435 0.004998065 0.001546967 0.0008897444 0.0008818525 0.0008931734 0.0008931734 0.0008931734 0.0008931734 0.0008931734 0.0008931734 0.0008931734 0.0008931734
0.3137516 0.03456308 0.04144235 0.08015655 0.2131397 0.0324096 0.0124489 0.02911158 0.03388523 1.751738 3.239051 0.06546036 0.06511241 0.05406068 0.04688598 0.0317564 0.02798179 0.02934023 0.02839221 0.03337371 0.04104539 0.08569255 0.3383976 0.2201778 0.1046349 0.09876134 0.06244949 0.04758608 0.0462621 0.04944195 0.0693376 0.0551541 0.04982037 0.03614117 0.03667812 0.03885879 0.02932735 0.02666079 0.02442299 0.02331591 0.03295242 0.04016525 0.04016525 0.04016525 0.04861046 0.06281868 0.07060772 0.07060772 0.07040714 0.05383109 0.0115018 0.01193788 0.01194007 0.01194007 0.0117216 0.01145013 0.006248 0.00586934 0.00622499 0.005110081 0.003749877 0.002616556 0.0009169335 0.0009158379 0.0009173112 0.0009213932 0.0009269404 0.0009269404 0.0009159619 0.0009157162
0.2262228 0.0651639 0.0700544 0.0929941 0.356364 0.09344474 0.05804979 0.03162104 0.2136633 0.05969659 0.1062528 0.08710586 0.08215821 0.06157653 0.05640303 0.05232313 0.05260585 0.0512725 0.04797217 0.05287506 0.0953901 0.1175219 0.4104335 1.114252 0.2694761 0.1238157 0.05182913 0.304167 0.03696039 0.04491173 0.05717757 0.05717757 0.05717757 0.05717757 0.07396749 0.1109122 0.6086507 0.03574641 0.03574641 0.03624619 0.04194229 0.05509887 0.07304374 0.07921837 0.8554516 2.754381 0.07509826 0.07319792 0.07319792 0.05736554 0.02945574 0.01252992 0.01237805 0.01237805 0.01237805 0.01055824 0.006456443 0.006076797 0.006421987 0.006428442 0.006456443 0.00618656 0.0037286 0.003236227 0.001892415 0.001163007 0.0009535458 0.0009518837 0.0009582557 0.001018853
0.5722816 0.1166196 0.08002248 0.08751814 0.3597377 0.1026415 0.0974652 0.09329081 0.1053417 0.1151887 0.1509958 0.1117508 0.07954407 0.07522167 0.059451 0.05401817 0.06017553 0.0729279 0.08462833 0.2861886 0.2648329 0.1215619 0.1182611 0.2875408 0.328971 0.08285752 0.05285517 0.05285517 0.05285517 0.06347501 0.05916492 0.07654492 0.1186681 0.1346543 0.1619783 2.197169 0.2025402 0.1009315 0.06112558 0.06256887 0.07166605 0.1363079 0.1405388 0.1401564 1.66228 0.1393791 0.09032692 1.523977 0.06061418 0.05880759 0.05108972 0.04353963 0.04049709 0.03127268 0.01902001 0.008134724 0.00667491 0.00667491 0.006447928 0.00651652 0.006089106 0.005037424 0.004731746 0.004764112 0.004764112 0.004691224 0.003912415 0.004573912 0.003762299 0.004070733
0.3172752 0.2050996 0.1810506 0.1886144 1.851125 0.04763955 0.1041422 0.1347324 0.1112705 0.1351307 0.1856232 0.2469624 0.215673 0.1477913 0.1306187 0.1261539 0.6916352 0.4050148 0.1032881 0.3148412 2.431686 1.480573 0.114354 0.1188734 0.1252614 0.1064195 0.07692083 0.07582793 0.0794249 0.06747891 0.05615911 0.1040414 0.1860472 0.4586122 0.4404718 0.3465937 0.1900401 0.1422825 0.06670599 1.178814 0.08617607 0.1482762 3.154209 8.338467 0.1299301 1.430385 0.2772222 0.05037725 0.05037725 0.04909695 0.05037725 0.05037725 0.05037725 0.04957766 0.04684537 0.03041776 0.01409354 0.0126241 0.009726941 0.006433644 0.006407672 0.004880736 0.007902783 0.007582003 0.006973507 0.005141264 0.004923334 0.004923334 0.004923334 0.004365553
3.33003 0.06984185 0.1030857 0.2739057 0.2020844 0.1274557 0.1868811 0.1678674 0.2165962 0.2404949 0.2512362 0.2270767 0.2446001 0.1863966 0.1667099 0.1906537 0.5996217 0.1940611 0.1546698 0.2028923 0.1553935 0.09753594 0.1171191 0.1006793 0.09089534 0.1125781 0.1114094 0.113667 0.1203452 0.4723157 0.1590271 0.06371816 0.05128606 0.140941 1.459169 0.1275332 0.1177729 0.08581071 0.08534028 0.08699366 0.1589545 0.2030452 1.388935 0.1958947 0.1398186 0.06045863 8.142198 0.02504173 0.6205444 0.02744849 0.02701433 0.03058853 0.02791256 0.02233888 0.02557827 0.02795411 0.02795411 0.02795411 0.02698499 0.02190966 0.02209649 0.02283434 0.02789866 0.02909738 0.02908433 0.009901964 0.005079541 0.005079541 0.005079541 0.008667626
25.54399 0.5960387 0.8117787 0.6240728 0.2547553 0.1988394 0.2641816 3.359914 0.4870329 3.344002 0.7606112 0.2306742 0.1904465 0.1436914 0.1862723 0.2196833 0.1933202 0.1264697 0.1708944 0.201802 0.09113219 0.1293138 0.1943816 0.2154723 0.6220869 0.3132921 2.752648 0.5683027 0.6531417 0.3593247 1.55865 0.1224902 0.04110437 0.02771571 0.04482054 0.0875944 0.1300745 0.136709 0.1103678 0.08239334 0.0843477 0.1172613 0.160005 0.1544758 0.1544758 0.1268301 0.03910146 0.02115693 0.02113463 0.02100389 0.02156111 0.02203543 0.02459191 0.0357723 0.03851065 0.03865038 0.03860952 0.03473355 0.03055242 0.028831 0.02831334 0.02850189 0.02995025 0.03001015 0.04650534 0.06137973 0.04542368 0.05734256 0.06494255 0.08213098
0.3103475 2.066474 0.3212454 0.4295973 0.5975792 0.319669 0.2941978 0.3454062 0.2415887 0.4574644 0.5271667 0.4650761 0.310879 0.2196243 0.2502239 0.4038436 0.2144874 0.2022885 0.520954 3.296151 1.195289 0.3470081 1.107462 0.3412262 0.7460831 1.519182 6.532798 2.188799 0.4745685 1.516356 1.17219 0.2056334 0.2239143 0.1995361 0.08006334 0.4502233 0.2301361 0.3189162 3.829988 0.1846781 0.1307561 0.08428691 0.0813648 0.07972634 0.0711088 0.03868707 0.02258365 0.02275794 0.02434974 0.02474423 0.02846153 0.05697433 0.4030437 0.1067528 0.06312857 0.05777294 0.07504007 0.06159427 0.03470201 0.02976019 0.0296898 0.02932109 1.249742 0.07576414 0.109542 0.09879323 0.08592504 0.08601943 0.0855147 0.08420628
0.2517496 0.4854462 0.2402686 0.628774 0.7945406 0.6405979 0.4311926 0.5151312 2.495464 5.571065 3.022442 1.339643 0.7844388 0.3047453 0.3467982 0.5137259 0.5785621 0.4150948 0.4492697 0.4497859 0.2974463 0.3238934 0.5833129 0.6910182 1.507744 1.206367 5.165546 0.6024851 0.3546914 2.621279 2.890696 2.286437 0.4734052 0.8900886 0.404763 9.214547 1.089203 0.7147512 0.39373 0.4018741 0.171238 0.09424312 0.06716444 0.1067564 0.07138722 0.07263946 0.03824272 0.03401382 0.03336236 0.03340709 0.04287146 0.08318263 0.127272 0.258058 0.3266926 0.6404012 0.119449 0.08508136 0.0758224 0.09251843 0.104561 0.1184811 0.2053354 0.2526433 0.1640974 0.1726363 0.1840444 0.1048241 0.0848312 0.1254345
0.7293332 0.2813548 0.3440756 0.2233184 0.7543998 2.767245 2.606982 2.761628 3.03416 0.9089857 3.232328 1.973494 0.8468581 12.12178 3.010653 0.5455417 0.5037602 4.308088 0.6540077 1.170261 1.211643 1.008843 1.170711 6.060819 2.35025 0.9382771 0.8609716 0.9862877 0.6781693 1.422453 11.91429 2.506668 1.366074 1.082762 0.3915716 0.8502444 3.225311 1.277955 1.295125 3.130473 0.8667707 0.16148 0.09231865 0.1424417 0.355516 0.1608684 0.1124389 0.08832641 0.04066228 0.04079049 0.05138839 0.05804132 0.07474395 0.3320939 4.944827 0.6498832 1.132918 0.4836924 0.2638131 0.4689519 2.6749 0.3538697 8.729176 1.420767 0.5117337 1.869799 0.4735139 0.3078285 0.3048837 0.136027
1.66731 0.331323 0.4518635 0.5511729 0.5843651 0.8623658 3.863758 200.5066 9.352087 2.165263 1.030237 0.8062424 2.317356 2.266132 1.015699 0.937974 1.017418 1.559617 4.053691 9.649206 1.653731 2.821587 6.874455 0.9459997 1.206177 1.038828 0.7072956 0.5362336 0.5448746 1.886754 1.803982 8.790502 0.4448696 0.3609974 0.3905374 2.103402 0.243842 0.2635751 0.4154801 1.151762 0.347882 0.2828494 0.4357804 3.799512 0.5193362 0.3040464 0.2710701 0.1872098 0.6472598 0.08496149 0.1310492 0.2022083 4.481205 1.990883 1.125926 0.7579599 4.951722 0.2157334 0.2070962 0.8887925 0.5646221 0.303076 3.201587 0.4731442 0.9508228 0.2610755 0.3084128 0.08837192 0.4514325 0.07093632
1.523766 2.258845 0.9467906 0.4050736 0.4687589 0.6588426 2.498378 5.819769 2.66137 3.970823 0.6479735 0.8941021 0.5967113 0.6702507 0.951455 2.439683 0.8983647 0.9090794 5.206218 1.419934 1.259055 1.081822 3.654389 2.982867 1.329232 2.842878 7.082455 0.6428553 1.107506 1.296605 1.048804 2.060411 0.3627749 0.2849485 0.3013908 0.2671366 0.2320511 0.2902605 0.3422548 1.518926 0.3072986 0.4792976 0.4468171 4.175465 0.4677106 0.2624317 0.1969806 0.2331657 0.2484584 0.2481632 0.2243264 0.2918932 1.152472 4.408251 0.3329819 0.5036146 4.367382 0.190843 0.07634506 0.3146218 0.3172286 0.3446258 0.2719364 0.2319091 0.2247818 0.1749182 0.07867115 0.05638026 0.3900737 0.2513139
1.912748 0.7001928 0.8842839 0.7475227 3.033766 0.5658347 0.9989863 1.409676 3.125162 1.353671 0.7438192 0.7428045 0.5147592 0.6334528 1.33757 1.911063 1.040079 0.7011352 2.731049 9.114715 14.34752 1.709112 1.294934 0.6088156 0.6196553 1.82967 2.773486 0.1960515 1.885761 2.10589 0.5709528 0.3796517 0.3015041 1.97914 0.2371309 0.226619 0.2299529 0.3142253 0.3293262 1.088046 0.3546841 0.1835543 0.149996 0.1882517 0.2496995 0.1867826 0.2234386 0.2928877 0.580824 0.2452277 0.2020706 0.4016451 0.3433684 3.247401 0.6587119 0.2094981 1.844797 5.974421 0.9630987 0.353292 0.3772137 3.843615 0.3054494 0.1839045 0.1470066 0.07228103 0.03138332 0.02565618 0.04136457 0.07128523
2.333261 1.760762 1.076598 0.7845448 0.6241257 1.351167 2.80597 1.074562 1.914785 5.039975 1.357895 2.254205 0.5942503 0.6629503 0.5848461 0.506983 0.5014019 1.556306 0.6828166 1.575459 0.8706748 0.671004 0.9705181 0.5426826 0.3887812 1.319542 0.487749 0.2566501 0.8337387 0.2873143 0.2597356 0.4310611 0.4328102 0.5262067 0.2127563 0.1703154 0.244862 0.2290681 0.2396921 0.3117592 0.5110319 0.1670015 0.1181485 0.130206 0.08372402 0.107311 1.09447 1.377023 0.2437069 0.2567998 0.2736616 0.2799286 0.3836499 0.2561962 0.332081 1.336441 0.1664695 0.2952893 0.1365309 0.1228161 0.1819811 0.2799551 0.1359843 0.1047122 0.03906794 0.009090665 0.003807985 0.003903618 0.007046258 0.007220068
