data/raw/spatialecon-gecon-v4-gis-ascii/GIS data ASCII/PPP1995/ppp1995sum.asc
ncols         360
nrows         140
xllcorner     -180.0
yllcorner     -56.0
cellsize      1
NODATA_value  -9999
[rows 0 to 31 of 140, columns 280 to 349 of 360]
-9999 -9999 -9999 -9999 -9999 -9999 -9999 -9999 -9999 -9999 -9999 -9999 -9999 -9999 -9999 -9999 -9999 -9999 -9999 -9999 -9999 -9999 -9999 -9999 -9999 -9999 -9999 -9999 -9999 -9999 -9999 -9999 -9999 -9999 -9999 -9999 -9999 -9999 -9999 -9999 -9999 -9999 -9999 -9999 -9999 -9999 -9999 -9999 -9999 -9999 -9999 -9999 -9999 -9999 -9999 -9999 -9999 -9999 -9999 -9999 -9999 -9999 -9999 -9999 -9999 -9999 -9999 -9999 -9999 -9999
-9999 -9999 -9999 -9999 -9999 -9999 -9999 -9999 -9999 -9999 -9999 -9999 -9999 -9999 -9999 -9999 -9999 -9999 -9999 -9999 -9999 -9999 -9999 -9999 -9999 -9999 -9999 -9999 -9999 -9999 -9999 -9999 -9999 -9999 -9999 -9999 -9999 -9999 -9999 -9999 -9999 -9999 -9999 -9999 -9999 -9999 -9999 -9999 -9999 -9999 -9999 -9999 -9999 -9999 -9999 -9999 -9999 -9999 -9999 -9999 -9999 -9999 -9999 -9999 -9999 -9999 -9999 -9999 -9999 -9999
-9999 -9999 -9999 -9999 -9999 -9999 -9999 -9999 -9999 -9999 -9999 -9999 -9999 -9999 -9999 -9999 -9999 -9999 -9999 -9999 -9999 -9999 -9999 -9999 -9999 -9999 -9999 -9999 -9999 -9999 -9999 -9999 -9999 -9999 -9999 -9999 -9999 -9999 -9999 -9999 -9999 -9999 -9999 -9999 -9999 -9999 -9999 -9999 -9999 -9999 -9999 -9999 -9999 -9999 -9999 -9999 -9999 -9999 -9999 -9999 -9999 -9999 -9999 -9999 -9999 -9999 -9999 -9999 -9999 -9999
-9999 -9999 -9999 -9999 -9999 -9999 -9999 -9999 -9999 -9999 -9999 -9999 -9999 -9999 -9999 -9999 -9999 -9999 -9999 -9999 -9999 -9999 -9999 -9999 -9999 -9999 -9999 -9999 -9999 -9999 -9999 -9999 -9999 -9999 -9999 -9999 -9999 -9999 -9999 -9999 -9999 -9999 -9999 -9999 -9999 -9999 -9999 -9999 -9999 -9999 -9999 -9999 -9999 -9999 -9999 -9999 -9999 -9999 -9999 -9999 -9999 -9999 -9999 -9999 -9999 -9999 -9999 -9999 -9999 -9999
1.006782e-005 5.93301e-005 9.389086e-005 3.317941e-005 2.940509e-006 -9999 -9999 -9999 -9999 -9999 -9999 -9999 -9999 -9999 -9999 -9999 -9999 -9999 -9999 -9999 -9999 -9999 -9999 -9999 -9999 -9999 -9999 -9999 -9999 -9999 -9999 -9999 -9999 -9999 -9999 -9999 -9999 -9999 -9999 -9999 -9999 -9999 -9999 -9999 -9999 -9999 -9999 -9999 -9999 -9999 -9999 -9999 -9999 -9999 -9999 -9999 -9999 -9999 -9999 -9999 -9999 -9999 -9999 -9999 -9999 -9999 -9999 -9999 -9999 -9999
0.0001970184 0.0002688415 0.0002538402 0.0002521974 0.0001935542 4.046876e-005 2.515285e-005 2.372064e-005 -9999 -9999 -9999 -9999 -9999 -9999 -9999 -9999 -9999 -9999 -9999 -9999 -9999 -9999 -9999 -9999 -9999 -9999 -9999 -9999 -9999 -9999 -9999 -9999 -9999 -9999 -9999 -9999 -9999 -9999 -9999 -9999 -9999 -9999 -9999 -9999 -9999 -9999 -9999 -9999 -9999 -9999 -9999 -9999 -9999 -9999 -9999 -9999 -9999 -9999 -9999 -9999 -9999 -9999 -9999 -9999 -9999 -9999 -9999 -9999 -9999 -9999
5.145883e-006 4.825938e-005 0.0001589545 0.0002315488 0.0002355193 0.0001358075 2.43872e-005 1.404424e-005 -9999 -9999 -9999 -9999 -9999 -9999 -9999 -9999 -9999 -9999 -9999 -9999 -9999 -9999 -9999 -9999 -9999 -9999 -9999 -9999 -9999 -9999 -9999 -9999 -9999 -9999 -9999 -9999 -9999 -9999 -9999 -9999 -9999 -9999 -9999 -9999 -9999 -9999 -9999 -9999 -9999 -9999 -9999 -9999 -9999 -9999 -9999 -9999 2.69887e-006 -9999 -9999 -9999 -9999 -9999 -9999 -9999 -9999 -9999 -9999 -9999 -9999 -9999
0.0001878716 0.0003652642 0.000390113 0.0004490941 0.0005132777 0.0005414497 0.0005423154 0.0004223294 0.0005510891 0.0005690733 0.0005661199 0.0005217897 0.0003264118 9.425764e-005 -9999 -9999 -9999 -9999 -9999 -9999 -9999 -9999 -9999 -9999 -9999 -9999 -9999 -9999 -9999 -9999 -9999 -9999 -9999 -9999 -9999 -9999 -9999 0 0.001262438 0.0005865786 7.511439e-006 0.000773325 0 -9999 -9999 -9999 -9999 -9999 5.868516e-005 6.748499e-005 -9999 -9999 4.461703e-005 -9999 -9999 -9999 -9999 -9999 -9999 -9999 -9999 -9999 -9999 -9999 -9999 -9999 -9999 -9999 -9999 -9999
0.000583334 0.0006524323 0.0007240983 0.0008087985 0.0008098144 0.0008098144 0.0008098144 0.0008098144 0.0008098144 0.0008098144 0.0008098144 0.0008098144 0.0007599996 0.0004516402 -9999 -9999 -9999 -9999 -9999 -9999 -9999 -9999 -9999 -9999 -9999 -9999 -9999 -9999 -9999 -9999 -9999 -9999 -9999 -9999 -9999 0.00170069 0.0002446877 0.007837436 0.01102108 0.01079256 0.008501034 0.01098551 0.009936258 0.008773498 0.006330915 0.0004086615 0.0006472752 0.001018153 0.000815736 0.0006354071 0.0003182388 -9999 -9999 -9999 -9999 -9999 -9999 -9999 -9999 -9999 -9999 -9999 -9999 -9999 -9999 -9999 -9999 -9999 -9999 -9999
0.0007481815 0.000863486 0.000863486 0.000863486 0.000863486 0.000863486 0.000863486 0.000863486 0.000863263 0.0007512862 0.0004602307 0.0004774117 0.001492958 0.0004428381 -9999 5.949085e-006 1.988478e-005 -9999 -9999 -9999 -9999 -9999 -9999 -9999 -9999 -9999 -9999 -9999 -9999 -9999 -9999 -9999 -9999 -9999 -9999 0.0006596974 0.0002084838 0.0002025941 0.00301443 0.002470362 0.004143465 0.0009428597 0.001529111 0.0008424688 -9999 -9999 -9999 0.0001224764 0.000632869 0.0006395857 0.0003106438 -9999 -9999 -9999 -9999 -9999 -9999 -9999 -9999 -9999 -9999 -9999 -9999 -9999 -9999 -9999 -9999 -9999 -9999 -9999
0.0009186195 0.0009186195 0.0009186195 0.0009186195 0.0009186195 0.0009092042 0.00070889 0.0004890455 0.0004253499 0.0004749635 0.001330769 0.003232031 0.003172502 0.002442201 0.002609988 0.003028502 0.002886507 0.002600903 0.001890144 0.0004466583 0.0001916077 -9999 0.0001090424 0.001778282 0.003732497 0.002754663 0.002295466 0.002504527 0.001449045 0.0002315147 -9999 -9999 -9999 -9999 -9999 0 0.0002973206 -9999 -9999 0.0001647042 0.001957692 0.006789666 0.007328396 0.002873883 -9999 -9999 -9999 -9999 -9999 -9999 -9999 -9999 -9999 -9999 -9999 -9999 -9999 -9999 -9999 -9999 -9999 -9999 -9999 -9999 -9999 -9999 -9999 -9999 -9999 -9999
0.0009732774 0.0009732774 0.0009732774 0.0009732774 0.0009732774 0.0009140609 0.0009607085 0.0009732774 0.0009732774 0.0009732774 0.001211724 0.002854107 0.004030244 0.004478642 0.004604635 0.004609569 0.004191925 0.003848019 0.004245882 0.003961548 0.004115157 0.005047673 0.005062789 0.00510554 0.005287896 0.005272861 0.005273487 0.005273188 0.00517074 0.00200365 -9999 -9999 -9999 -9999 -9999 -9999 -9999 -9999 -9999 0.003062201 0.006524585 0.0103561 0.009421429 0.008665664 0.006289211 0.00470854 0.002375957 0.000978653 0.0009234353 0.000457258 -9999 -9999 -9999 -9999 -9999 -9999 -9999 -9999 -9999 -9999 -9999 -9999 -9999 -9999 -9999 -9999 -9999 -9999 -9999 -9999
0.001026889 0.001026889 0.001026889 0.001026889 0.001026889 0.001026889 0.001026889 0.001026889 0.001026889 0.001026889 0.001026889 0.001022106 0.0008659377 0.002602671 0.004746598 0.002246958 0.0009172725 0.0009137082 0.0009137082 0.0009137082 0.0009947657 0.002073539 0.004746886 0.00557002 0.00557002 0.00557002 0.005586914 0.005221606 0.005121897 0.00223277 8.501196e-005 0.0005465021 0.01018722 0.007218094 0.005428783 0.008283566 0.007890771 0.00613978 0.008028936 0.00803122 0.01390217 0.0139289 0.01115641 0.003614959 0.003216659 0.003212641 0.003098772 0.003160213 0.003225646 0.002739129 0.001724097 0.0009911297 1.248769e-005 -9999 5.43039e-006 0.0004726528 0.0007558982 0.0005039705 6.058222e-006 -9999 -9999 -9999 -9999 -9999 -9999 -9999 -9999 -9999 -9999 -9999
0.001080137 0.001080137 0.001080137 0.001080137 0.001080137 0.001080137 0.001080137 0.001080137 0.001080137 0.001009448 0.0009330109 0.0009370702 0.000959299 0.001305424 0.001569987 0.0009660089 0.0009582978 0.0009582978 0.0009582978 0.0009582978 0.002690586 0.004202904 0.005767491 0.005841772 0.005841772 0.005618138 0.005529954 0.005608177 0.005841772 0.005841772 0.0053051 0.004945944 0.009827664 0.01394083 0.01459965 0.01460856 0.01460856 0.01444103 0.01430646 0.01460856 0.01454517 0.00794017 0.003606463 0.003382015 0.003382015 0.003382015 0.003333427 0.003278266 0.003382015 0.003382015 0.003382015 0.003305206 0.006559486 0.008492351 0.009537038 0.009874975 0.009874975 0.009874975 0.008805338 0.006749728 0.000347784 8.645793e-005 -9999 -9999 -9999 -9999 -9999 -9999 0 -9999
0.0008720253 0.0009066968 0.0009680067 0.001000187 0.0009807348 0.0009885699 0.0009546869 0.0009808543 0.0009964415 0.0009516652 0.001009395 0.001009395 0.001009395 0.001009395 0.001009395 0.001009395 0.001009395 0.001009395 0.001009395 0.00123782 0.004208611 0.00490968 0.005878999 0.006152687 0.005679586 0.005874987 0.006153496 0.006153496 0.006153496 0.006153496 0.006153496 0.005922296 0.005454515 0.00936969 0.01290143 0.0132903 0.0136735 0.01500811 0.01538798 0.01538809 0.01538809 0.01381013 0.007809677 0.005374652 0.005074804 0.004877269 0.004312284 0.004358101 0.004568656 0.005072107 0.005504931 0.005636287 0.008437539 0.009034891 0.01009973 0.01026124 0.01027048 0.01040175 0.01024 0.00970747 0.006126126 0.005042246 0.006288567 0.006016478 0.005493431 0.004960378 0.004388554 0.01610773 0.01699797 0.00446234
0.0007887517 0.0007887517 0.0007465364 0.0007887517 0.0007887517 0.0007887517 0.0007856243 0.001052804 0.001052804 0.001052804 0.001052804 0.001052804 0.001052804 0.001052804 0.001052804 0.001052804 0.001052804 0.001052804 0.001157056 0.001650456 0.002826539 0.00312791 0.003118871 0.003014437 0.003209548 0.003331371 0.003801319 0.003566118 0.003319416 0.003377705 0.003116091 0.002870842 0.002833889 0.007466042 0.0133088 0.0133088 0.0133088 0.0133088 0.01457384 0.0160446 0.01604852 0.01180689 0.006898001 0.006833334 0.006833334 0.006833334 0.006833334 0.006825513 0.006699572 0.006507712 0.006570167 0.005665718 0.00607617 0.006608759 0.006200355 0.00647149 0.00790465 0.008161865 0.009908228 0.0107593 0.01062253 0.01055598 0.01035871 0.009191791 0.009191791 0.009191791 0.009191791 0.02177526 0.02857278 0.02497717
0.0008240534 0.0008240534 0.0008240534 0.0008240534 0.0008240534 0.0008219044 0.0008349603 0.001102612 0.001102612 0.001102612 0.001102612 0.001102612 0.001102612 0.001102612 0.001102612 0.001102612 0.001102612 0.001381495 0.002653556 0.003475169 0.003279025 0.003279025 0.003238699 0.002780837 0.003215287 0.003279025 0.00327236 0.003050477 0.002968095 0.002968095 0.002968095 0.002968095 0.002968095 0.009460242 0.01393869 0.01393869 0.01393869 0.01346229 0.01383665 0.009638586 0.005753398 0.005580454 0.005630095 0.006465368 0.007151164 0.006764265 0.006402696 0.006002877 0.008685431 0.009091901 0.008196584 0.0069781 0.006919953 0.006921561 0.00684371 0.006823288 0.006921561 0.007443254 0.009874878 0.00958424 0.00958424 0.00958424 0.00958424 0.00958424 0.00958424 0.00958424 0.00958424 0.01139945 0.01614679 0.01874891
0.0008589718 0.0008589718 0.0008589718 0.0008589718 0.0008589718 0.0008562334 0.0103495 0.0173645 0.02098594 0.0135136 0.01671438 0.01998263 0.01870336 0.006626591 0.001151811 0.001151811 0.001151811 0.001151811 0.02102634 0.03839978 0.02021517 0.0034253 0.0034253 0.002834686 0.003336347 0.0034253 0.003745862 0.008192671 0.008555076 0.007467473 0.003126144 0.003100406 0.006930182 0.01448131 0.01456008 0.01456008 0.01455935 0.01456008 0.01456008 0.01297851 0.007903978 0.004511345 0.004511345 0.004511345 0.004881434 0.004572189 0.004511345 0.006274336 0.009712495 0.01108323 0.01108323 0.01085385 0.00897579 0.00765851 0.007940027 0.008062929 0.007742687 0.007379963 0.009501836 0.0100837 0.009970584 0.009970584 0.009970584 0.009970584 0.009970584 0.009970584 0.00925972 0.008923737 0.008026307 0.006678147
0.0008931734 0.0008931734 0.0008931734 0.0008931734 0.0008931734 0.0009047047 0.01082988 0.02812999 0.02783513 0.02812999 0.02812999 0.02812999 0.01641761 0.001202901 0.001192972 0.001348188 0.001466842 0.02248709 0.04596835 0.04611038 0.03324794 0.005033931 0.00354779 0.003521157 0.002849356 0.006379134 0.00797255 0.01553271 0.01652394 0.01652394 0.01491402 0.01203003 0.01502572 0.01499679 0.01477661 0.01454876 0.01440013 0.01445745 0.01451709 0.01565977 0.01484932 0.01208253 0.008411007 0.00475478 0.00467268 0.00467268 0.00467268 0.006132973 0.0110714 0.01147981 0.01147981 0.01147981 0.0116621 0.01218615 0.01251064 0.01277907 0.01276533 0.01264106 0.01138963 0.008819797 0.01019021 0.0105318 0.01035087 0.01035087 0.01035087 0.008619246 0.006107748 0.006103429 0.006103429 0.006103429
0.0009157935 0.0009224921 0.0009269404 0.0009269404 0.0009269404 0.002425968 0.01210134 0.01714793 0.0190539 0.0292541 0.0292541 0.0292541 0.02861448 0.02134595 0.02835816 0.04862559 0.05008223 0.05340464 0.05330028 0.04818628 0.04795721 0.04695975 0.03858542 0.03202097 0.03165847 0.01499562 0.01618113 0.01695493 0.01718417 0.01718417 0.01718417 0.01716325 0.01598988 0.01496409 0.01496409 0.01483407 0.01493947 0.01496409 0.01496409 0.01937557 0.02979225 0.03039823 0.03039823 0.02787781 0.01783128 0.01235304 0.01373631 0.01191149 0.03708512 0.0406057 0.02945361 0.02462954 0.01284809 0.01327419 0.01327419 0.01404167 0.01651158 0.02166779 0.009846296 0.006758768 0.006758768 0.00705493 0.007818449 0.005089113 0.005287001 0.005120716 0.005210835 0.005737477 0.00655272 0.006323776
0.001300609 0.001342525 0.001231817 0.0009612034 0.0009612034 0.0009612034 0.00220103 0.003545297 0.006863014 0.01658117 0.02802409 0.02853987 0.02991358 0.03235051 0.04426666 0.04997378 0.05506773 0.05535224 0.05542362 0.05258157 0.04972695 0.04975492 0.04978098 0.04269081 0.02320994 0.01845421 0.01814853 0.0203006 0.05116509 0.06639714 0.07648323 0.07516421 0.05705575 0.03303745 0.01552977 0.01552977 0.01552977 0.01552977 0.01552977 0.01777413 0.02742875 0.03154714 0.03154714 0.03154714 0.03154714 0.05530144 0.07475778 0.07475732 0.09382926 0.1051032 0.1060167 0.03541557 0.01376121 0.01376121 0.0140293 0.02265026 0.02339277 0.02149263 0.01062198 0.007006778 0.007006778 0.007006778 0.00605644 0.004035069 0.004035069 0.004035069 0.004035069 0.004035069 0.004718399 0.006885448
0.003809495 0.003655372 0.003509891 0.003097088 0.00230035 0.0009938362 0.002807331 0.003795038 0.003795038 0.008992004 0.02988804 0.0267185 0.03082709 0.7237952 0.04243496 0.04710865 0.04710865 0.04776371 0.04985573 0.0495805 0.05086596 0.05151007 0.04167214 0.0342269 0.03372997 0.02762304 0.0234135 0.02741166 0.878231 1.729179 0.1726522 0.1424431 0.1150137 0.08383954 0.04976124 0.0218364 0.01608551 0.01653444 0.01804166 0.02201885 0.01570059 0.01903066 0.03102032 0.03008588 0.03242926 0.06539083 0.07125767 0.06875165 0.08002684 0.1328915 0.141527 0.1192607 0.02760283 0.01712385 0.01957461 0.02412798 0.02383546 0.01355242 0.007250282 0.007250282 0.007250282 0.007250282 0.005748787 0.002289367 0.002956433 0.004122197 0.004175266 0.004175266 0.004278948 0.005873572
0.003777605 0.003777605 0.003777605 0.003777605 0.003245899 0.002693305 0.003878978 0.00392154 0.00392154 0.007194017 0.02253749 0.03217972 0.03316532 0.04975333 0.05798892 0.0610304 0.05997106 0.04949857 0.04195191 0.02785711 0.02734586 0.03035916 0.02849376 0.0215454 0.03404218 0.06632982 0.08191898 0.1160647 0.4817621 1.399092 0.2718797 0.1631756 0.1310606 0.1209051 0.07534807 0.03411445 0.02014359 0.02116106 0.01526047 0.009533932 0.006704542 0.00670364 0.007597082 0.007335458 0.007939253 0.007411804 0.02272402 0.05454677 0.05689342 0.06165168 0.1090866 0.1394769 0.1310486 0.05239784 0.02501005 0.02508125 0.0184938 0.002579242 0.00138436 0.00164728 0.006372902 0.006157603 0.002290058 0.0007603465 0.004189188 0.005698906 0.008413265 0.0103036 0.01304417 0.0154694
0.004263276 0.003897456 0.003897456 0.003897456 0.003778796 0.003961928 0.004045598 0.004045598 0.004045598 0.006597681 0.04668059 0.06779969 0.0676169 0.07103602 0.05041823 0.02716929 0.03438043 0.03164962 0.02061101 0.02059346 0.0200197 0.02009672 0.02035556 0.02028174 0.02985659 0.06922386 0.04058575 0.04133211 0.05802996 0.08751049 0.1034714 0.06490375 0.0442703 0.02290059 0.02288054 0.02288054 0.02288054 0.02288054 0.008747948 0.006918138 0.006918138 0.006918138 0.006918138 0.006918138 0.006912437 0.008429228 0.01597275 0.02764287 0.03182126 0.03718998 0.07359216 0.09291015 0.04994581 0.02620236 0.02314868 0.01079315 0 -9999 -9999 8.154413e-005 0.001485411 0.00182043 0.01370539 0.0176683 0.01399444 0.0134756 0.01374635 0.009645164 0.007106767 0.009461404
0.0705457 0.06097247 0.03323291 0.008524149 0.003953689 0.004096977 0.004170881 0.004170881 0.004170881 0.02438494 0.05103274 0.04217137 0.04290694 0.03597476 0.01221277 0.01084797 0.01084797 0.01163031 0.01227595 0.02072098 0.02103505 0.02083614 0.0219019 0.03222571 0.04066039 0.04369115 0.04369115 0.04369115 0.04369283 0.04758085 0.04876702 0.03918558 0.02262856 0.01332096 0.01500582 0.01088087 0.01017459 0.008656449 0.007241371 0.007134289 0.007134289 0.007134289 0.005802964 0.00455335 0.004308623 0.004403738 0.004948088 0.01557756 0.0174425 0.00846364 2.450687 0.2100748 0.02610774 0.02307718 0.01270692 0.001219522 -9999 -9999 -9999 0.0005409764 0.009628506 0.02005533 0.02400636 0.007813148 0.003075745 0.0003840823 0.0008886933 -9999 -9999 -9999
0.08174663 0.06882662 1.187178 0.04778849 0.02905874 0.005206567 0.009866152 0.02619816 0.02660913 0.04421983 0.0415231 0.03133635 0.0254404 0.02193977 0.01116709 0.01116709 0.01116709 0.01186411 0.01205765 0.01714678 0.02186422 0.02186051 0.02377417 0.06520289 0.06846248 0.04496607 0.04496607 0.04496607 0.04496607 0.04496607 0.04496607 0.03708799 0.007944646 0.001755926 0.001755926 0.001755926 0.001755926 0.001755926 0.004089362 0.006365856 0.006442543 0.002723351 0 -9999 -9999 -9999 -9999 -9999 -9999 -9999 -9999 0.002700467 0.001223461 -9999 -9999 -9999 -9999 0 0.003684585 0.01533682 0.02129013 0.02429144 0.008862751 0.002230081 0.002949619 -9999 -9999 -9999 -9999 -9999
0.1086395 0.05034734 0.07801143 0.183247 0.1272027 0.03139679 0.0379118 0.04547051 0.0508345 0.04729074 0.0425171 0.02583693 0.02584224 0.01723839 0.2165973 0.01092563 0.01132914 0.01277923 0.0115541 0.01238273 0.02201827 0.02275053 0.05393408 0.1396673 0.1221934 0.1099338 0.09306517 0.05920278 0.05142291 0.05379562 0.04654538 0.02111791 0.001809243 0.001805424 0.001805424 0.001805424 0.001805424 0.001805424 0.001780762 0.001192063 0.0002603943 -9999 -9999 -9999 -9999 -9999 -9999 -9999 -9999 -9999 -9999 -9999 -9999 -9999 -9999 -9999 0.002528559 0.01888046 0.02159495 0.02246287 0.0487478 0.04464102 0.03394376 0.001934376 -9999 -9999 -9999 -9999 -9999 -9999
0.1497764 2.944064 0.1498216 0.2298513 0.2155353 0.6348063 0.03954314 0.05465428 0.05189584 0.02909071 0.02207782 0.0208453 0.04760816 0.06617267 0.04011178 0.008346155 0.01329897 0.01260471 0.01187696 0.01261085 0.02129331 0.02178769 0.03401228 0.05235745 0.1096086 0.145219 0.145219 0.145219 0.145219 0.1451254 0.1352219 0.03339864 0.001855261 0.001855261 0.001855261 0.001855261 0.001855261 0.00164647 0.0003804156 -9999 -9999 -9999 -9999 -9999 -9999 -9999 -9999 -9999 -9999 -9999 -9999 -9999 -9999 -9999 -9999 0.002539766 0.02064476 0.02016946 0.01727812 0.05091703 0.07584763 0.07580732 0.05644909 0.01407763 -9999 -9999 -9999 -9999 -9999 -9999
0.1529751 0.1626215 0.1607025 0.09365738 0.06539743 0.03736001 0.04122664 0.05949291 0.04895951 0.1788037 0.02390843 0.03710461 0.01955723 0.02734852 0.01096622 0.007498723 0.0122295 0.01360789 0.009074186 0.004295611 0.0028762 0.007479479 0.0234448 0.02344508 0.4851933 0.02975609 0.03534039 0.03366289 0.03787661 0.03227936 0.03242964 0.01321034 0.008878849 0.002205634 0.002207031 0.001984727 0.0009094693 0.0002977734 3.345108e-005 -9999 -9999 -9999 -9999 -9999 -9999 -9999 -9999 -9999 -9999 -9999 -9999 -9999 -9999 -9999 -9999 0.01163279 0.01982657 0.01735053 0.04289126 0.07438514 0.08340142 0.06572498 0.0001188962 -9999 -9999 0.002798832 0.008347841 -9999 -9999 -9999
0.678722 0.2706189 0.3344821 0.06526447 0.0408277 0.0427593 0.05111338 0.05332257 0.03238628 0.01302773 0.0570879 0.03597856 0.007136805 0.007136805 0.00719274 0.00997748 0.01199431 0.01267165 0.00536845 0.007532478 0.01809786 0.03239781 0.05176991 0.06471009 0.02866008 0.02667133 0.01664663 0.0136909 0.01520918 0.0166186 0.01499928 0.006809389 0.002429324 0.002429152 0.002429152 0.001761361 0.001227287 0.0006951686 0.0001942368 0.01146111 0.001475866 -9999 0.01173118 0 -9999 -9999 -9999 -9999 -9999 -9999 -9999 -9999 -9999 -9999 -9999 0.008727972 0.03131206 0.04704657 0.09027518 0.08633884 0.04751391 0.03773011 0.001941558 -9999 -9999 -9999 0.007234213 0.0033743 0.0003808695 -9999
0.164204 0.4601128 0.9304296 1.288767 0.3099422 0.1957834 0.06152248 0.03840389 0.03383934 0.09063666 0.08361223 0.01923551 0.01990465 0.02142577 0.01880964 0.01519382 0.03384236 0.09430352 0.07660285 0.06226591 0.05092789 0.05463175 0.101018 0.09962735 0.1167698 0.1191844 0.05659412 0.2761933 0.01796711 0.02646704 0.02070008 0.01408289 0.0093417 0.013684 0.01458857 0.002647545 0.003869972 0.004084616 0.01063915 0.05779099 0.4161213 0.01766088 0.372376 0.005145163 -9999 -9999 -9999 -9999 -9999 -9999 -9999 -9999 -9999 -9999 -9999 0.000738211 0.05783725 0.07896613 5.672172 0.06526999 0.0004849032 -9999 -9999 -9999 -9999 -9999 -9999 -9999 -9999 -9999
0.01324565 0.1044394 0.2660818 4.242492 7.090448 0.2786183 0.1492596 0.106766 0.1435845 0.07791407 0.06011379 0.04240202 0.06727822 2.100638 0.1458188 0.1362804 0.2127269 0.1185806 0.08438484 0.04186038 0.03861553 0.046506 0.07227721 0.05481375 0.0683182 0.0582348 0.08241806 0.2657604 0.03738315 0.04343597 0.02839051 0.02546497 0.02665396 0.03630361 0.03078968 0.01425412 0.01750576 0.03833298 0.03618055 0.04521704 0.06931954 0.04306218 0.09366858 0.02098202 -9999 -9999 -9999 -9999 -9999 -9999 -9999 -9999 -9999 -9999 -9999 -9999 0.05840773 0.08479766 0.04370883 -9999 -9999 -9999 -9999 -9999 -9999 -9999 -9999 -9999 -9999 -9999
