data/raw/spatialecon-gecon-v4-gis-ascii/GIS data ASCII/PPP1995/ppp1995sum.asc
ncols         360
nrows         140
xllcorner     -180.0
yllcorner     -56.0
cellsize      1
NODATA_value  -9999
[rows 32 to 63 of 140, columns 70 to 139 of 360]
0.2765171 0.180387 0.2691121 0.2213049 0.3875309 0.3889233 0.3339787 0.8928956 0.2338068 0.2916751 0.1265876 0.09398492 0.1212248 0.02867988 0.01469823 0.005104402 0.1150234 0.005049629 0.01517727 0.03381006 0.01029298 0.01265172 0.03566305 0.008628807 0.01242985 0.005493937 0.005971885 0.006705657 0.006777112 0.1000099 0.001304655 0.0373798 0.001299972 0.012557 0.001304038 0.001304038 0.001118669 0.001259938 0.001192617 1.540235e-005 0.0001979819 0.0001643126 0.0007211226 0.0008218829 0.0001397439 0.0004191824 0 0 0 0 0.003995625 0.03234699 0.0311828 0.07524557 0.08096821 -9999 -9999 -9999 -9999 -9999 -9999 -9999 -9999 -9999 -9999 -9999 -9999 -9999 -9999 -9999
0.108126 0.1410565 0.5487568 0.1137918 1.220839 5.814487 0.6198743 0.723861 0.3220803 0.2451848 0.4198326 0.1806864 0.8043455 1.187696 0.09694839 0.02790438 0.07584487 0.02217395 0.09485639 0.02383082 0.0205676 0.01635309 0.01933465 0.03646918 0.006924883 0.006924883 0.006924883 0.006924883 0.006924883 0.006770727 0.004030906 0.001332484 0.001280601 0.001230862 0.001332484 0.02445764 0.04828772 0.0005822654 0.00174696 2.024921e-005 0.0003581468 0.0003674379 0.01973413 1.079439 0.02505779 0.02362184 0.05552243 0.0088042 0.02089963 0.021353 0.01186991 0.0009805795 0.09097132 0.09383138 0.005450406 -9999 -9999 -9999 -9999 -9999 -9999 -9999 -9999 -9999 -9999 -9999 -9999 -9999 -9999 -9999
0.1075882 0.1368404 0.1096854 0.1430278 0.2545114 0.1827849 0.6949194 0.7363949 0.2075473 0.3943531 1.044083 1.020849 17.02874 1.88649 0.09019827 0.4717346 0.05188712 0.2283459 0.05256409 0.01942801 0.02477461 0.06714449 0.0285688 0.1744544 0.1216941 0.08565236 0.2271492 0.3975493 0.2310074 0.0234726 0.008828814 0.001354584 0.0969388 0.04780687 0.0232859 0.2364361 2.900235e-005 0.03322292 0.002148116 1.172709e-005 0.0001094555 0.6512016 0.06470969 0.1507051 0.0794086 0.07979328 0.003034492 0.003229424 0.000489539 -9999 -9999 0.1137544 0.3043623 0.252199 0.5507329 0.4675757 0.08851943 -9999 -9999 -9999 -9999 -9999 -9999 -9999 -9999 -9999 -9999 -9999 -9999 -9999
0.434979 0.1085214 0.06894498 0.1868511 0.2413595 0.1941164 0.6163848 0.2266905 1.789507 0.3610553 0.415259 0.5426786 0.8310183 0.7557578 0.5618515 0.2161778 0.7813723 0.0890669 0.1399969 0.03630611 3.969205 0.1455949 0.1257606 0.1816436 0.05766844 0.1131097 0.0357481 0.02625236 1.09069 0.5718066 1.382763 1.240039 0.841569 0.003484393 0.002318349 0.03586741 0.0008182158 1.354097 3.019501 0.765489 0.2986856 1.400227 0.8734186 0.4759302 0.3749501 0.5411913 -9999 -9999 -9999 -9999 0.04250214 0.3684674 0.3012477 0.03493781 0.2133013 0.3771984 0.5882604 0.04308442 -9999 -9999 -9999 -9999 -9999 -9999 -9999 -9999 -9999 -9999 -9999 -9999
0.2229774 0.03578376 0.02151948 0.02996097 0.059627 0.4296984 0.133388 0.2215279 0.5947155 0.3013448 0.3706069 0.2960463 2.557288 1.13412 0.7300338 1.103285 1.211884 2.216537 0.6147474 0.1539345 0.01045543 0.7825305 0.00312234 0 0.001605184 0.08492738 0.1196162 0.03820632 0.04407453 0.08049149 0.7587674 0.09374796 0.1941586 0.004541163 0.0009367324 0.03346323 0.01720863 0.3917806 0.2654114 1.013578 1.157233 1.361156 0.5261936 0.4533173 1.55888 0.6221688 -9999 0.003900669 0.2594087 0.002298426 0.09598295 0.06036425 0.0479395 -9999 0.4067312 0.1320728 1.843634 4.210903 -9999 -9999 -9999 -9999 -9999 -9999 -9999 -9999 -9999 -9999 -9999 -9999
0.1233426 0.2607816 0.1361857 0.1501057 0.2668965 0.1001941 0.1739988 0.7199008 0.2451108 2.619311 0.2397747 0.8670803 0.7926382 5.409699 2.019558 2.204128 0.9089061 5.128347 0.8865421 0.9375899 0.5823261 0.6941747 1.926424 0.3141539 0.3222646 3.133008 0.2855488 0.5589051 1.444152 2.232935 1.7321 0.1352152 0.1276474 0.1484864 0.8017466 0.8940995 2.659973 5.91759 17.28953 2.378011 0.07036573 0.5975835 2.086326 0.6861638 0.9214277 2.937907 2.340041 0.4615932 0.1273901 1.096061 0.1652468 -9999 -9999 -9999 0.06087383 0.01968805 0.1172569 0.01772519 -9999 -9999 -9999 -9999 -9999 -9999 -9999 -9999 -9999 -9999 -9999 -9999
0.3568785 3.401811 0.1869125 0.1658724 0.04382905 0.02868291 0.06054523 0.1262636 0.1134876 0.2787264 0.2825838 1.396276 0.6365578 0.8639475 2.539332 6.605875 40.58994 7.487887 2.363254 1.285734 3.003538 1.389427 2.922964 0.2510459 1.053562 2.295893 0.9446242 0.08580616 0.2057126 0.2865193 1.354318 0.3434574 1.192197 3.457234 18.2487 6.906519 81.45388 8.321434 4.148432 0.59035 0.5914808 0.9760972 0.7463444 3.840055 1.574371 1.528932 1.687865 1.134571 0.5022776 0.8870515 0.0876566 -9999 -9999 -9999 -9999 -9999 -9999 -9999 -9999 -9999 -9999 -9999 -9999 -9999 -9999 -9999 -9999 -9999 -9999 -9999
0.4085572 0.5466213 0.5519164 0.8676585 1.067553 0.3181876 3.536288 0.1327975 0.1306456 0.6627042 0.2475983 0.8947966 1.287461 1.539058 2.207683 4.044007 67.78711 13.19801 6.720347 2.958136 7.378711 17.88276 6.017741 0.9589998 4.908614 2.407552 1.557489 0.05706844 1.764596 4.08956 12.36666 6.824499 4.916438 5.999157 4.794891 2.224744 8.184519 4.830114 2.273211 5.408183 7.25942 4.366146 0.530798 0.2383939 0.9248738 1.660809 7.315587 0.140194 -9999 -9999 -9999 -9999 -9999 -9999 -9999 -9999 -9999 -9999 -9999 -9999 -9999 -9999 -9999 -9999 -9999 -9999 -9999 -9999 -9999 -9999
0.1841282 0.6437375 0.1399683 0.1473797 0.09653717 0.2425352 0.6230782 0.3877747 0.1868241 0.2053675 0.4588221 0.9066605 1.367096 7.236449 2.653522 2.54863 3.997253 4.187116 5.390379 3.218759 16.80502 28.69076 23.90913 7.066465 10.26997 10.9275 21.303 3.643263 5.799558 37.03565 191.0468 16.95015 29.84977 17.56428 10.87282 2.605493 8.308413 6.312485 11.8901 17.88173 1.984979 -9999 -9999 0.2611812 0.4783319 0.02106768 -9999 -9999 -9999 -9999 -9999 -9999 -9999 -9999 -9999 -9999 -9999 -9999 -9999 -9999 -9999 -9999 -9999 -9999 -9999 -9999 -9999 -9999 -9999 -9999
0.1121336 0.3518081 0.01653328 2.308981 0.3956426 0.5081599 0.2363487 0.5887033 0.095718 0.1117927 0.2145582 0.6667247 2.355543 5.814322 2.351266 3.163448 4.716565 7.188725 6.120714 5.594223 17.99684 55.15827 65.59973 7.697218 33.70769 24.08949 158.4706 40.96995 9.291964 8.416772 8.869496 32.02488 9.00389 15.68519 9.37826 6.494001 31.78652 29.98206 176.6031 33.06647 -9999 -9999 -9999 -9999 -9999 -9999 -9999 -9999 -9999 -9999 -9999 -9999 -9999 -9999 -9999 -9999 -9999 -9999 -9999 -9999 -9999 -9999 -9999 -9999 -9999 -9999 -9999 -9999 -9999 -9999
1.370404 0.02646084 0.3971053 0.1471841 1.072292 2.804925 1.423415 0.4229231 0.3381943 0.9337865 0.4480738 0.8415306 2.258762 15.87871 13.12739 2.465196 18.16738 3.841705 10.10181 14.06813 6.406353 60.22383 206.8934 19.21876 24.06105 9.921933 30.81889 14.24004 94.69395 24.27253 6.058944 4.448183 4.131049 7.326643 18.18529 39.98548 119.1001 78.32861 46.93269 18.75618 0.6706417 -9999 -9999 -9999 -9999 -9999 -9999 -9999 -9999 -9999 -9999 -9999 -9999 -9999 -9999 -9999 -9999 -9999 -9999 -9999 -9999 -9999 -9999 -9999 -9999 -9999 -9999 -9999 -9999 -9999
0.5047594 0.07485059 0.5459149 0.6350965 14.9552 4.494493 1.255943 0.4552445 0.4209588 0.8143603 2.219019 3.570357 1.937234 9.867348 2.289933 1.386185 1.138408 2.018199 4.2632 4.376826 14.3933 11.08124 4.907781 16.30307 16.11018 13.70327 19.46797 23.37906 23.49662 42.25397 51.60036 11.48581 12.18154 38.87944 114.515 307.3842 438.3951 11.37448 -9999 -9999 -9999 -9999 -9999 -9999 -9999 -9999 -9999 -9999 -9999 -9999 -9999 -9999 -9999 -9999 -9999 -9999 -9999 -9999 -9999 -9999 -9999 -9999 -9999 -9999 -9999 -9999 -9999 -9999 -9999 -9999
0.1482152 3.134992 1.518621 2.406997 38.97316 43.40149 0.394255 0.3651331 0.53433 0.3558747 0.6429323 0.5534689 1.042028 3.335484 6.524824 35.72005 2.573668 2.918987 4.267813 3.505049 10.46922 7.851308 7.041929 45.71778 14.38482 90.28212 20.55912 22.34589 6.983498 7.431443 6.863253 7.148529 56.81529 94.0648 113.0522 34.28934 -9999 -9999 -9999 -9999 -9999 -9999 -9999 -9999 -9999 -9999 -9999 -9999 -9999 -9999 -9999 -9999 -9999 -9999 -9999 -9999 -9999 -9999 -9999 -9999 -9999 -9999 -9999 -9999 -9999 -9999 -9999 -9999 -9999 -9999
0.2078678 0.5705786 1.014903 0.5298299 1.482945 17.43292 0.4934682 0.5229249 0.3391219 0.6709184 1.120303 1.556184 5.307655 1.487508 5.60719 26.63783 3.397378 8.013617 4.16439 88.13937 10.61614 4.024032 7.752946 5.872939 40.17704 17.54953 4.332345 11.44962 10.5522 2.069093 2.474232 11.32342 105.2641 39.34366 11.20863 1.090984 -9999 -9999 -9999 -9999 -9999 -9999 -9999 -9999 -9999 -9999 -9999 -9999 -9999 -9999 -9999 -9999 -9999 -9999 -9999 -9999 -9999 -9999 -9999 -9999 -9999 -9999 -9999 -9999 -9999 -9999 -9999 -9999 -9999 -9999
0.1555674 0.8286556 1.275469 0.5265499 0.6436775 0.5626717 0.3025157 0.155704 0.6656121 2.025115 0.6778094 0.8568644 16.15187 1.783685 2.61414 5.7905 9.643495 3.295361 1.792627 2.852543 6.724564 6.150157 12.50035 5.042537 7.277855 11.83203 3.589425 6.496097 7.027438 7.834298 11.68854 3.852612 35.96728 15.99213 0.9705634 -9999 -9999 -9999 -9999 -9999 -9999 -9999 -9999 -9999 -9999 -9999 -9999 -9999 -9999 -9999 -9999 -9999 -9999 -9999 -9999 -9999 -9999 -9999 -9999 -9999 -9999 -9999 -9999 -9999 -9999 -9999 -9999 -9999 -9999 -9999
0.4966453 2.24088 0.6130532 0.4664621 0.9442456 0.3191837 0.1076158 0.4117209 0.8732049 0.5551081 0.6564071 0.7696055 4.144359 4.473547 19.94388 9.4174 4.58412 2.297547 1.750597 3.794973 4.926463 6.579974 9.351799 35.17326 4.802396 6.794386 10.59984 14.56995 6.678957 19.33732 23.56952 10.10518 4.355193 34.73883 2.085385 -9999 -9999 -9999 -9999 -9999 -9999 -9999 -9999 -9999 -9999 -9999 -9999 -9999 -9999 -9999 -9999 -9999 -9999 -9999 -9999 -9999 -9999 -9999 -9999 -9999 -9999 -9999 -9999 -9999 -9999 -9999 -9999 -9999 -9999 -9999
0.4889174 1.133253 0.766404 23.41443 3.690223 0.09372541 0.2791816 0.4516474 7.111274 1.111306 0.8829769 1.701944 28.19166 3.956588 5.400462 7.17999 2.923532 3.771408 3.380735 13.92719 28.30766 6.531806 5.528562 14.18857 14.03027 13.86241 11.3709 16.39152 26.97216 49.89445 18.58521 40.74367 16.23531 2.028376 0.5016247 -9999 -9999 -9999 -9999 -9999 -9999 -9999 -9999 -9999 -9999 -9999 -9999 -9999 -9999 -9999 -9999 -9999 -9999 -9999 -9999 -9999 -9999 -9999 -9999 -9999 -9999 -9999 -9999 -9999 -9999 -9999 -9999 -9999 -9999 -9999
0.4899446 0.08730752 0.2323777 3.29797 0.1207536 0.09398519 1.720634 1.734233 1.979938 0.4355039 1.483232 4.45322 3.301732 1.980746 1.326271 1.537593 3.177444 18.46756 2.415233 4.267702 5.015865 5.975948 7.548544 17.65657 11.82107 31.7021 13.51261 25.62997 15.64641 11.70699 10.74118 6.591422 11.16043 2.395756 -9999 -9999 -9999 -9999 -9999 -9999 -9999 -9999 -9999 -9999 -9999 -9999 -9999 -9999 -9999 -9999 -9999 -9999 -9999 -9999 -9999 -9999 -9999 -9999 -9999 -9999 -9999 -9999 -9999 -9999 -9999 -9999 -9999 -9999 -9999 -9999
0.2012943 0.08287615 0.2708727 0.214807 0.5084214 1.494802 0.1560258 1.912819 7.449029 0.173495 0.4735886 4.405636 10.28156 25.9101 3.471534 5.625297 2.60278 2.905912 3.032105 3.454973 2.581895 4.578468 9.156266 29.75939 8.335228 109.8883 14.4711 10.34381 11.92483 10.81939 5.615384 3.853985 0.1140128 -9999 -9999 -9999 -9999 -9999 -9999 -9999 -9999 -9999 -9999 -9999 -9999 -9999 -9999 -9999 -9999 -9999 -9999 -9999 -9999 -9999 -9999 -9999 -9999 -9999 -9999 -9999 -9999 -9999 -9999 -9999 -9999 -9999 -9999 -9999 -9999 -9999
0.7885447 0.7790415 0.8186983 3.515526 1.036493 1.404838 1.528652 2.831503 1.557306 1.535956 4.455272 2.453616 58.98285 93.35915 9.192194 8.768957 12.44265 6.41389 2.969082 13.64286 4.103207 3.443052 2.238603 10.67647 6.834351 9.938532 12.61588 4.02724 9.040681 11.7625 5.497216 -9999 -9999 -9999 -9999 -9999 -9999 -9999 -9999 -9999 -9999 -9999 -9999 -9999 -9999 -9999 -9999 -9999 -9999 -9999 -9999 -9999 -9999 -9999 -9999 -9999 -9999 -9999 -9999 -9999 -9999 -9999 -9999 -9999 -9999 -9999 -9999 -9999 -9999 -9999
1.125822 0.284706 0.2969909 28.21899 0.1866333 0.06534631 0.5202922 5.47806 0.6014649 3.287901 1.040433 1.706562 14.18523 2.196545 2.993772 4.775718 2.976699 5.543788 2.267925 3.247843 6.149355 2.041023 2.398235 2.641374 6.588591 5.770334 5.643653 4.06286 7.525602 0.4247518 -9999 -9999 -9999 -9999 -9999 -9999 -9999 -9999 -9999 -9999 -9999 -9999 -9999 -9999 -9999 -9999 -9999 -9999 -9999 -9999 -9999 -9999 -9999 -9999 -9999 -9999 -9999 -9999 -9999 -9999 -9999 -9999 -9999 -9999 -9999 -9999 -9999 -9999 -9999 -9999
0.4184774 0.2241556 0.9459466 0.1392291 0.1316383 0.1137658 0.1967889 0.2540799 0.102701 0.2075247 1.382645 3.424597 33.66224 6.090579 23.62273 7.717174 8.969496 10.36521 18.74372 19.22082 12.35877 14.87708 11.76841 5.676012 5.133548 9.19473 4.99798 2.766467 28.01023 -9999 -9999 -9999 -9999 -9999 -9999 -9999 -9999 -9999 -9999 -9999 -9999 -9999 -9999 -9999 -9999 -9999 -9999 -9999 -9999 -9999 -9999 -9999 -9999 -9999 -9999 -9999 -9999 -9999 -9999 -9999 -9999 -9999 -9999 -9999 -9999 -9999 -9999 -9999 -9999 -9999
0.1957429 0.3748576 0.7535591 4.675692 0.2068924 0.2694038 0.1082112 0.6306201 0.580532 0.9264511 1.466855 48.60328 4.458045 3.433769 133.2576 8.54254 3.09546 0.8660395 2.856994 28.05571 3.041527 -9999 -9999 -9999 0.3064562 0.1318879 0.3308021 10.89693 11.75091 1.195414 -9999 -9999 -9999 -9999 -9999 -9999 -9999 -9999 -9999 -9999 -9999 -9999 -9999 -9999 -9999 -9999 -9999 -9999 -9999 -9999 -9999 -9999 -9999 -9999 -9999 -9999 -9999 -9999 -9999 -9999 -9999 -9999 -9999 -9999 -9999 -9999 -9999 -9999 -9999 -9999
1.165856 0.4117035 1.55315 4.596007 2.870767 0.3891477 0.1328212 0.6226916 1.220183 3.055815 0.5239469 0.7936345 3.056236 2.94122 1.171935 -9999 -9999 -9999 -9999 -9999 0.002180089 -9999 -9999 -9999 -9999 -9999 -9999 33.70953 48.8338 11.70243 -9999 -9999 -9999 -9999 -9999 -9999 -9999 -9999 -9999 -9999 -9999 -9999 -9999 -9999 -9999 -9999 -9999 -9999 -9999 -9999 -9999 -9999 -9999 -9999 -9999 -9999 -9999 -9999 -9999 -9999 -9999 -9999 -9999 -9999 -9999 -9999 -9999 -9999 -9999 -9999
3.969503 0.5141597 0.923269 0.5819625 1.463849 0.4920683 0.1146618 0.1579944 2.02928 0.3327684 6.800209 1.328323 11.24457 0.005827857 -9999 -9999 -9999 -9999 -9999 -9999 -9999 -9999 -9999 -9999 -9999 -9999 -9999 57.45584 6.840649 14.04601 -9999 -1e+008 -1e+008 -9999 -9999 -9999 -9999 -9999 -9999 -9999 -9999 -9999 -9999 -9999 -9999 -9999 -9999 -9999 -9999 -9999 -9999 -9999 -9999 -9999 -9999 -9999 -9999 -9999 -9999 -9999 -9999 -9999 -9999 -9999 -9999 -9999 -9999 -9999 -9999 -9999
2.231222 1.355123 0.712997 0.5002809 0.5119504 0.3378313 0.8962162 0.9714932 3.184646 1.304626 1.140882 8.788502 4.708513 -9999 -9999 -9999 -9999 -9999 -9999 -9999 -9999 -9999 -9999 -9999 -9999 -9999 -9999 4.010026 18.2648 86.80043 -9999 -1e+008 -1e+008 -1e+008 -9999 -9999 -9999 -9999 -9999 -9999 -9999 -9999 -9999 -9999 -9999 -9999 -9999 -9999 -9999 -9999 -9999 -9999 -9999 -9999 -9999 -9999 -9999 -9999 -9999 -9999 -9999 -9999 -9999 -9999 -9999 -9999 -9999 -9999 -9999 -9999
0.9734477 3.749166 1.55478 0.3268505 0.332307 0.4108334 8.899542 0.6679278 3.385598 50.81824 2.872867 5.062833 7.201131 -9999 -9999 -9999 -9999 -9999 -9999 -9999 -9999 -9999 -9999 -9999 -9999 -9999 -9999 -9999 0.6245464 61.97343 -1e+008 -1e+008 -1e+008 -1e+008 -9999 -9999 -9999 -9999 -9999 -9999 -9999 -9999 -9999 -9999 -9999 -9999 -9999 -9999 -9999 -9999 -9999 -9999 -9999 -9999 -9999 -9999 -9999 -9999 -9999 -9999 -9999 -9999 -9999 -9999 -9999 -9999 -9999 -9999 -9999 -9999
0.01884598 0.04512446 5.43462 0.5882782 1.220364 1.934515 1.890681 0.1731281 1.340345 2.066634 1.786828 0.5826551 0.1804894 -9999 -9999 -9999 -9999 -9999 -9999 -9999 -9999 -9999 -9999 -9999 -9999 -9999 -9999 -9999 -9999 0.3318291 -9999 -1e+008 -1e+008 -1e+008 -1e+008 -1e+008 -9999 -9999 -9999 -9999 -9999 -9999 -9999 -9999 -9999 -9999 -9999 -9999 -9999 -9999 -9999 -9999 -9999 -9999 -9999 -9999 -9999 -9999 -9999 -9999 -9999 -9999 -9999 -9999 -9999 -9999 -9999 -9999 -9999 -9999
0.9023034 -9999 0.009060785 2.740211 1.279854 1.812174 1.305943 0.9020658 0.357731 1.777308 3.557388 0.6705723 0.1242513 -9999 -9999 -9999 -9999 -9999 -9999 -9999 -9999 -9999 -9999 -9999 -9999 -9999 -1e+008 -1e+008 -1e+008 -1e+008 -2e+008 -9999 -1e+008 -1e+008 -1e+008 -1e+008 -1e+008 -9999 -9999 -9999 -9999 -9999 -9999 -9999 -9999 -9999 -9999 -9999 -9999 -9999 -9999 -9999 -9999 -9999 -9999 -9999 -9999 -9999 -9999 -9999 -9999 -9999 -9999 -9999 -9999 -9999 -9999 -9999 -9999 -9999
0.05602643 -9999 -9999 0.01216011 1.198645 0.3622846 1.111859 6.36747 3.907346 4.461003 1.932786 2.96507 4.244007 -9999 -9999 -9999 -9999 -9999 -9999 -9999 -9999 -9999 -9999 -9999 -9999 -1e+008 -1e+008 -1e+008 -1e+008 -1e+008 -1e+008 -1e+008 -1e+008 -9999 -1e+008 -1e+008 -1e+008 -1e+008 -9999 -9999 -9999 -9999 -9999 -9999 -9999 -9999 -9999 -9999 -9999 -9999 -9999 -9999 -9999 -9999 -9999 -9999 -9999 -9999 -9999 -9999 -9999 -9999 -9999 -9999 -9999 -9999 -9999 -9999 -9999 -9999
-9999 -9999 -9999 0.1150425 1.395912 2.573636 1.516163 9.820903 10.42893 3.037655 3.294336 5.209174 1.574119 -9999 -9999 -9999 -9999 -9999 -9999 0.0590059 3.169824 0.520941 0.8706442 1.436689 -9999 -1e+008 -1e+008 -1e+008 -1e+008 -1e+008 -1e+008 -1e+008 -1e+008 -1e+008 -1e+008 -9999 -1e+008 -9999 -9999 -9999 -9999 -9999 -9999 -9999 -9999 -9999 -9999 -9999 -9999 -9999 -9999 -9999 -9999 -9999 -9999 -9999 -9999 -9999 -9999 -9999 -9999 -9999 -9999 -9999 -9999 -9999 -9999 -9999 -9999 -9999
-9999 -9999 -9999 -9999 1.979743 2.000492 36.0405 8.669193 13.97906 17.4425 6.746325 6.515749 8.966105 0.6647084 -9999 -9999 -9999 -9999 -9999 0.9766345 5.533646 1.32689 1.412151 1.827543 -9999 -9999 -9999 -9999 -9999 -9999 -1e+008 -1e+008 -1e+008 -1e+008 -1e+008 -1e+008 -1e+008 0.02782207 -9999 -9999 -9999 -9999 -9999 -9999 -9999 -9999 -9999 -9999 -9999 -9999 -9999 -9999 -9999 -9999 -9999 -9999 -9999 -9999 -9999 -9999 -9999 -9999 -9999 -9999 -9999 -9999 -9999 -9999 -9999 -9999
