data/raw/spatialecon-gecon-v4-gis-ascii/GIS data ASCII/PPP1995/ppp1995sum.asc
ncols         360
nrows         140
xllcorner     -180.0
yllcorner     -56.0
cellsize      1
NODATA_value  -9999
[rows 32 to 63 of 140, columns 140 to 209 of 360]
-9999 -9999 -9999 -9999 -9999 -9999 -9999 -9999 -9999 -9999 -9999 -9999 -9999 -9999 -9999 -9999 -9999 -9999 -9999 -9999 -9999 -9999 -9999 -9999 -9999 -9999 -9999 -9999 -9999 0.1720164 1.07999 6.415178 0.2200258 -9999 0.5936025 6.202409 37.70231 52.06108 41.00662 345.3127 94.84553 12.0316 7.623781 31.2157 130.4282 82.98315 168.0594 158.0344 44.6936 34.92889 21.28514 24.04318 33.65648 26.68575 17.78114 6.761397 12.7949 9.684972 5.095287 14.98018 4.794907 5.563777 7.720348 2.807293 0.9237773 0.8239818 1.043754 0.6307767 0.6632106 0.5967437
-9999 -9999 -9999 -9999 -9999 -9999 -9999 -9999 -9999 -9999 -9999 -9999 -9999 -9999 -9999 -9999 -9999 -9999 -9999 -9999 -9999 -9999 -9999 -9999 -9999 -9999 -9999 -9999 -9999 -9999 -9999 -9999 -9999 -9999 3.445562 11.59373 14.28685 7.577044 34.02448 22.2525 7.985319 9.557461 30.72928 72.69987 108.45 45.56483 65.3674 76.06355 127.5618 30.21504 24.21808 25.81315 33.86164 16.32054 45.177 14.75624 9.702515 7.357963 26.55835 27.02277 10.5316 7.596136 5.809027 3.315263 1.866562 2.057439 2.524756 1.456161 2.335628 1.467832
-9999 -9999 -9999 -9999 -9999 -9999 -9999 -9999 -9999 -9999 -9999 -9999 -9999 -9999 -9999 -9999 -9999 -9999 -9999 -9999 -9999 -9999 -9999 -9999 -9999 -9999 -9999 -9999 -9999 -9999 -9999 -9999 -9999 0.03317934 0.05642915 -9999 -9999 -9999 6.833379 9.786863 19.30523 27.01861 35.76507 13.99987 12.73044 14.45104 53.94232 36.02523 119.3851 48.21925 32.80151 47.14268 18.74516 10.12464 10.92667 8.769176 16.4914 16.02611 25.00264 10.66973 6.487335 5.614592 3.258332 4.043113 3.683365 2.154089 2.005985 1.846085 2.699464 1.284747
-9999 -9999 -9999 -9999 -9999 -9999 -9999 -9999 -9999 -9999 -9999 -9999 -9999 -9999 -9999 -9999 -9999 -9999 -9999 -9999 -9999 -9999 -9999 -9999 -9999 -9999 -9999 -9999 -9999 -9999 -9999 -9999 -9999 -9999 0.02256779 10.9075 7.223748 8.484371 18.9247 9.747189 9.562829 24.7051 403.3666 9.125291 10.14479 6.335446 18.25892 43.70686 65.79128 106.0456 45.5699 110.6523 29.71809 20.32967 24.22916 10.6136 78.36239 23.78289 8.288057 5.204879 6.97786 8.506281 3.300342 1.627546 2.310606 2.645393 2.351006 1.405511 1.278105 1.37622
-9999 -9999 -9999 -9999 -9999 -9999 -9999 -9999 -9999 -9999 -9999 -9999 -9999 -9999 -9999 -9999 -9999 -9999 -9999 -9999 -9999 -9999 -9999 -9999 -9999 -9999 -9999 -9999 -9999 -9999 -9999 -9999 -9999 -9999 -9999 2.233088 7.353299 12.06535 24.48138 16.24965 17.84065 14.71091 10.97483 6.215776 5.776393 12.47677 19.68642 65.02395 88.36634 -9999 20.70574 26.86019 18.05144 17.89995 7.938608 19.35628 12.90609 7.856238 15.35973 40.49695 5.273945 7.941803 4.314842 4.52088 2.56029 2.316628 5.256153 4.353637 2.060207 1.29744
-9999 -9999 -9999 -9999 -9999 -9999 -9999 -9999 -9999 -9999 -9999 -9999 -9999 -9999 -9999 -9999 -9999 -9999 -9999 -9999 -9999 -9999 -9999 -9999 -9999 -9999 -9999 -9999 -9999 -9999 -9999 -9999 -9999 -9999 -9999 -9999 -9999 0.5596599 11.74227 10.57381 9.359231 5.956563 5.480176 7.503185 17.92291 10.35746 45.8444 31.4048 13.02735 12.41166 6.937308 23.14688 10.85191 14.66813 17.92725 22.09124 10.89127 4.663922 7.604679 -9.999999e+007 -9.999999e+007 5.342149 2.209505 7.106603 6.028968 3.048265 5.735893 3.270345 1.824031 1.713523
-9999 -9999 -9999 -9999 -9999 -9999 -9999 -9999 -9999 -9999 -9999 -9999 -9999 -9999 -9999 -9999 -9999 -9999 -9999 -9999 -9999 -9999 -9999 -9999 -9999 -9999 -9999 -9999 -9999 -9999 -9999 -9999 -9999 -9999 -9999 -9999 -9999 -9999 2.075566 10.8294 9.325498 10.63939 3.582136 14.41292 63.91027 34.00802 11.73523 61.03713 74.26684 205.0987 54.95514 70.4305 50.83931 20.18094 5.713168 6.483806 6.64802 2.19551 -9.999999e+007 -1e+008 -1e+008 -9.999999e+007 3.042136 4.214154 5.171496 8.231618 3.858815 5.448365 4.27073 0.8149095
-9999 -9999 -9999 -9999 -9999 -9999 -9999 -9999 -9999 -9999 -9999 -9999 -9999 -9999 -9999 -9999 -9999 -9999 -9999 -9999 -9999 -9999 -9999 -9999 -9999 -9999 -9999 -9999 -9999 -9999 -9999 -9999 -9999 -9999 -9999 -9999 -9999 -9999 2.568635 25.61197 9.110428 5.987348 6.255521 2.890471 15.48612 5.106064 3.464132 25.88943 38.92827 20.28728 50.98567 52.24685 20.42092 0.3718998 0.446275 2.775588 1.088825 0.8749778 1.058372 -1e+008 -1e+008 -1e+008 -1e+008 5.482851 5.223053 7.579904 36.88317 3.044039 5.21178 0.03019088
-9999 -9999 -9999 -9999 -9999 -9999 -9999 -9999 -9999 -9999 -9999 -9999 -9999 -9999 -9999 -9999 -9999 -9999 -9999 -9999 -9999 -9999 -9999 -9999 -9999 -9999 -9999 -9999 -9999 -9999 0.4213312 12.45053 4.290403 2.690573 16.53346 3.201909 15.61511 29.98861 15.77698 11.67585 8.707206 28.59927 9.25532 17.33455 18.85913 51.13977 14.06584 -9999 1.201323 0.1047686 34.90714 45.26595 -9999 22.83971 -9999 1.124882 3.840795 2.559447 -1e+008 -1e+008 -1e+008 -1e+008 -1e+008 3.331316 4.079059 3.772534 3.620681 5.653062 1.45863 -9999
-9999 -9999 -9999 -9999 -9999 -9999 -9999 -9999 -9999 -9999 -9999 -9999 -9999 -9999 -9999 -9999 -9999 -9999 -9999 -9999 -9999 -9999 -9999 -9999 -9999 -9999 -9999 -9999 -9999 -9999 0.9409774 20.74805 6.678886 3.731086 6.636624 2.633871 6.031449 14.72212 12.45803 2.432599 2.05326 -9999 11.90823 2.51997 -9999 -9999 0.05975151 -9999 0.5107192 1.98769 2.660744 9.046796 37.08409 17.39071 13.5526 0.005721906 0.1415742 0.7133109 -1e+008 -1e+008 -1e+008 -9.999999e+007 -1e+008 15.38579 5.645416 4.719436 2.562324 3.477602 0.001455443 -9999
-9999 -9999 -9999 -9999 -9999 -9999 -9999 -9999 -9999 -9999 -9999 -9999 -9999 -9999 -9999 -9999 -9999 -9999 -9999 -9999 -9999 -9999 -9999 -9999 -9999 -9999 -9999 -9999 -9999 -9999 -9999 40.88097 4.383327 1.691256 3.959956 12.90121 2.482733 1.718927 7.340185 12.52777 9.320675 30.49769 102.3152 1.929344 -9999 -9999 -9999 -9999 1.855704 1.709005 -9999 0.009554035 -9999 22.22473 20.90362 12.29227 18.56843 0.8529488 -9999 -9.999999e+007 -1e+008 5.521628 2.814619 3.676175 4.267658 3.990618 4.445276 7.237235 56.76994 31.52908
-9999 -9999 -9999 -9999 -9999 -9999 -9999 -9999 -9999 -9999 -9999 -9999 -9999 -9999 -9999 -9999 -9999 -9999 -9999 -9999 -9999 -9999 -9999 -9999 -9999 -9999 -9999 -9999 -9999 -9999 -9999 16.60438 5.03828 2.395253 6.058907 10.01336 139.5304 1.267992 1.99921 3.20267 5.899619 -9999 -9999 0.266979 0.06799271 -9999 -9999 -9999 6.575403 4.534822 -9999 -9999 0.06748366 0.8586003 63.89958 12.18662 10.74146 19.45596 8.737529 2.553771 2.433669 5.621077 23.49459 4.665956 1.997422 0.8447278 3.500986 3.485449 9.792196 36.80765
-9999 -9999 -9999 -9999 -9999 -9999 -9999 -9999 0.05897922 -9999 -9999 0.04081636 0.02383314 -9999 -9999 -9999 -9999 -9999 -9999 -9999 -9999 -9999 -9999 -9999 -9999 -9999 -9999 -9999 -9999 -9999 4.654376 11.93208 2.589156 3.758481 2.115966 3.894902 6.361522 3.04217 3.289198 42.81402 0.2558337 0.4664783 11.83585 3.773256 0.9693557 -9999 -9999 -9999 6.759561 10.9841 -9999 -9999 -9999 -9999 -9999 1.256948 11.29406 1.202756 2.250638 1.749465 4.686354 4.480122 8.878866 0.9474241 0.01963273 0.3491483 4.903558 10.83406 8.425368 6.034025
-9999 -9999 -9999 -9999 -9999 -9999 -9999 -9999 -9999 -9999 -9999 0.4906936 0.7148456 -9999 -9999 -9999 -9999 -9999 -9999 -9999 -9999 -9999 -9999 -9999 -9999 -9999 -9999 -9999 -9999 -9999 58.21618 6.192173 5.366741 4.751781 2.17059 2.76296 5.484096 1.719374 8.172561 27.22191 1.840157 1.73583 -9999 -9999 -9999 -9999 -9999 -9999 0.2338983 0.002093636 -9999 -9999 0.9602749 15.00694 2.18377 13.09843 10.45421 0.1564712 -9999 -9999 1.043116 7.513702 6.511553 33.58313 0.7869605 0.07671543 9.177545 21.7648 10.9998 3.534798
-9999 -9999 -9999 -9999 -9999 -9999 -9999 -9999 -9999 -9999 -9999 -9999 -9999 -9999 1.658133 -9999 -9999 -9999 -9999 -9999 -9999 -9999 -9999 -9999 -9999 -9999 -9999 -9999 -9999 -9999 -9999 4.949461 4.922467 12.4111 18.62009 12.70584 12.4201 2.602828 10.30863 4.832429 -9999 -9999 -9999 -9999 0.0003392217 -9999 0.1736048 0.1651248 0.03021326 1.52523 0.538057 0.04573468 5.590968 11.95287 15.8221 16.30412 0.0938235 -9999 -9999 -9999 0.5651922 3.8975 6.957963 40.8263 1.160303 0.817307 0.835732 5.967955 6.439785 3.847474
-9999 -9999 -9999 -9999 -9999 -9999 -9999 -9999 -9999 -9999 -9999 -9999 -9999 -9999 0.07297399 -9999 -9999 -9999 -9999 -9999 -9999 -9999 -9999 -9999 -9999 -9999 -9999 -9999 -9999 -9999 -9999 0.0003046068 0.2520522 9.749127 -9999 15.4789 2.779011 5.720566 0.06361065 -9999 2.473773 5.073328 6.642583 19.79521 11.93526 8.277769 10.24732 7.919607 4.575967 4.703427 9.774484 0.2506604 0.05184194 -9999 5.280731 1.807873 -9999 -9999 -9999 -9999 -9999 0.319347 1.236566 0.1780928 0.1522623 0.3947697 0.2136581 1.140531 3.185466 3.970887
-9999 -9999 -9999 -9999 -9999 -9999 -9999 -9999 -9999 -9999 -9999 -9999 -9999 -9999 -9999 -9999 -9999 -9999 -9999 -9999 -9999 -9999 -9999 -9999 -9999 -9999 -9999 -9999 -9999 -9999 -9999 -9999 -9999 0.3909692 4.47555 0.5962437 0.7446018 0.8896627 1.761221 7.875968 6.803183 3.792253 3.33646 2.603543 2.919946 5.343915 3.837728 2.845943 2.220435 2.863235 5.612072 0.2201054 0.08090911 -9999 6.089518 -9999 -9999 -9999 -9999 -9999 -9999 -9999 -9999 0.9088563 3.578773 5.42186 0.3157293 0.1553154 -9999 -9999
-9999 -9999 -9999 -9999 -9999 -9999 -9999 -9999 -9999 -9999 -9999 -9999 -9999 -9999 -9999 -9999 -9999 -9999 -9999 -9999 -9999 -9999 -9999 -9999 -9999 -9999 -9999 -9999 -9999 -9999 -9999 -9999 -9999 3.252957 5.06028 3.147132 1.774273 1.822385 3.592422 2.686825 1.201263 1.471331 1.072045 1.258116 1.790843 1.188286 1.115003 1.708629 1.783659 2.230462 2.128098 0.06846061 -9999 -9999 -9999 -9999 -9999 -9999 -9999 -9999 -9999 -9999 -9999 4.3066e-005 0.1538006 0.1060736 0.001314453 -9999 -9999 -9999
-9999 -9999 -9999 -9999 -9999 -9999 -9999 -9999 -9999 -9999 -9999 -9999 -9999 -9999 -9999 -9999 -9999 -9999 -9999 -9999 -9999 -9999 -9999 0.06775867 -9999 -9999 -9999 -9999 -9999 -9999 -9999 1.159412 10.41628 3.549646 0.9376076 1.036388 0.6284344 0.2565659 0.2141798 0.2317732 0.1430906 0.1834869 0.6406625 4.245311 1.346754 0.4226232 0.4276486 0.6329809 0.2185839 0.9627722 1.202733 -1e+008 -9999 -1e+008 -9999 -9999 -9999 -9999 -9999 -9999 -9999 -9999 -9999 -9999 -9999 -9999 -9999 -9999 -9999 -9999
-9999 -9999 -9999 -9999 -9999 -9999 -9999 -9999 -9999 -9999 -9999 -9999 -9999 -9999 -9999 -9999 -9999 -9999 -9999 -9999 -9999 -9999 0.6775928 2.913144 -9999 -9999 -9999 -9999 -9999 -9999 0.6695536 4.282735 2.587707 2.957754 1.618742 0.5846328 0.1760511 0.08917339 0.1163131 0.1916329 0.1391221 0.1391221 0.2408473 0.2350862 0.5311126 4.089788 0.5934475 0.6022098 0.4540274 0.3163011 -1e+008 -1e+008 -1e+008 -1e+008 -1e+008 -1e+008 -9999 -9999 -9999 -1e+008 -1e+008 -1e+008 -1e+008 -1e+008 -1e+008 -9999 -9999 -9999 -9999 -9999
-9999 -9999 -9999 -9999 -9999 -9999 -9999 -9999 -9999 -9999 -9999 -9999 -9999 -9999 -9999 -9999 -9999 -9999 -9999 -9999 -9999 -9999 -9999 -9999 -9999 -9999 -9999 -9999 -9999 -9999 1.59043 3.520701 2.008515 1.156234 0.5907949 0.3694711 0.2217495 0.07333899 0.07520708 0.09815785 0.1346098 0.09225109 0.168071 0.1720034 0.110661 0.4025779 0.2717231 0.1724012 0.2111444 0.1670363 -1e+008 -1e+008 -1e+008 -1e+008 -1e+008 -1e+008 -1e+008 -1e+008 -9999 -1e+008 -1e+008 -1e+008 -1e+008 -1e+008 -1e+008 -1e+008 0.07342774 0.1041545 0.01097819 10.16694
-9999 -9999 -9999 -9999 -9999 -9999 -9999 -9999 -9999 -9999 -9999 -9999 -9999 -9999 -9999 -9999 -9999 -9999 -9999 -9999 -9999 -9999 -9999 -9999 -9999 -9999 -9999 -9999 -9999 -9999 2.680182 1.421439 0.8630665 0.4653212 0.4992966 0.1590278 0.09164894 0.07583695 0.07723786 0.07698318 0.05413945 0.04362518 0.1727124 0.1671797 0.1043173 0.6232197 0.1043173 0.1043173 0.1043173 -1e+008 -1e+008 -1e+008 -1e+008 -1e+008 -1e+008 -1e+008 -1e+008 -1e+008 -1e+008 -1e+008 -1e+008 -1e+008 -1e+008 -1e+008 -1e+008 -1e+008 0.0301305 1.124504 0.9266335 2.782263
-9999 -9999 -9999 -9999 -9999 -9999 -9999 -9999 -9999 -9999 -9999 -9999 -9999 -9999 -9999 -9999 -9999 -9999 -9999 -9999 -9999 -9999 -9999 -9999 -9999 -9999 0.5811409 -9999 -9999 0.159412 1.180565 0.4246144 0.07266406 0.06047289 0.06158248 0.06071978 0.07801858 0.07801858 0.07801858 0.05744084 0.03924451 0.04605125 0.1640317 0.1332701 0.1053768 0.1053768 0.2580673 0.8611391 0.09810963 -1e+008 -1e+008 -1e+008 -1e+008 -1e+008 -1e+008 -1e+008 -1e+008 -1e+008 -1e+008 -1e+008 -1e+008 -1e+008 -1e+008 -1e+008 -1e+008 0.03127344 0.01511747 0.003118139 0.003534813 0.01438785
-9999 -9999 -9999 -9999 -9999 -9999 -9999 -9999 -9999 -9999 -9999 -9999 -9999 -9999 -9999 -9999 -9999 -9999 -9999 -9999 -9999 0.001528469 1.382739 13.08314 9.103355 0.715174 2.410013 0.00345822 0.05422816 0.1621281 0.08358268 0.03042563 0.007466605 0.007466605 0.007466605 0.01029094 0.05208008 0.05625266 0.04181433 0.03962707 0.03962601 0.03962336 0.0148449 0.03172758 0.0592639 0.05847237 0.03750095 0.08723041 0.008043058 -1e+008 -1e+008 -1e+008 -1e+008 -1e+008 -1e+008 -1e+008 -1e+008 -1e+008 -1e+008 -1e+008 -1e+008 -1e+008 -1e+008 -1e+008 -1e+008 0.00356917 0.004143014 0.009853763 0.02719697 0.01706524
-9999 -9999 -9999 -9999 -9999 -9999 -9999 -9999 -9999 -9999 -9999 -9999 -9999 -9999 -9999 -9999 -9999 -9999 -9999 -9999 -9999 0.05444647 0.08565512 0.008630064 3.963384 -9999 0.02844585 0.1196827 0.04644338 0.0365212 0.01748835 0.01117654 0.007410818 0.007454125 0.007536229 0.007536229 0.01820583 0.03999549 0.03999549 0.03999549 0.03999549 0.03842732 0.01277732 0.01259562 0.01277732 0.0126024 0.008586208 0.008118097 0.01168812 -1e+008 -1e+008 -1e+008 -1e+008 -1e+008 -1e+008 -1e+008 -1e+008 -1e+008 -1e+008 -1e+008 -1e+008 -1e+008 -1e+008 -1e+008 -1e+008 0.003056664 0.0030497 0.009207864 0.01029369 0.004666901
-9999 -9999 -9999 -9999 -9999 -9999 -9999 -9999 -9999 -9999 -9999 -9999 -9999 -9999 -9999 -9999 -9999 -9999 -9999 -9999 -9999 -9999 -9999 -9999 -9999 0.001475062 0.04836696 0.0706803 0.01239764 0.01308308 0.01321688 0.004874777 0.00314234 0.006919216 0.007892328 0.02194004 0.0388927 0.04035271 0.04035271 0.04035271 0.03928867 0.02372723 0.01280893 0.01282955 0.01289091 0.01259034 0.009393899 0.008190624 0.008190624 -1e+008 -1e+008 -1e+008 -1e+008 -1e+008 -1e+008 -1e+008 -1e+008 -1e+008 -1e+008 -1e+008 -1e+008 -1e+008 -1e+008 -1e+008 -1e+008 0.002771429 0.002771429 0.002771429 0.002771429 0.002899964
-9999 -9999 -9999 -9999 -9999 -9999 -9999 -9999 -9999 -9999 -9999 -9999 -9999 -9999 -9999 -9999 -9999 -9999 -9999 -9999 -9999 -9999 -9999 -9999 -9999 0.006531307 0.009149626 0.009877312 0.0005802405 0.0005581534 0.0005585586 0.000572108 0.0005617332 0.0009710471 0.01692779 0.04031248 0.04069735 0.04069735 0.04069735 0.04069735 0.03851008 0.01849942 0.01278051 0.01300116 0.01300116 0.01296657 0.01281953 0.008943506 0.008260666 -1e+008 -1e+008 -1e+008 -1e+008 -1e+008 -1e+008 -1e+008 -1e+008 -1e+008 -1e+008 -1e+008 -1e+008 -1e+008 -1e+008 -1e+008 -1e+008 0.02221132 0.02350184 0.02533883 0.02686512 0.02187467
-9999 -9999 -9999 -9999 -9999 -9999 -9999 -9999 -9999 -9999 -9999 -9999 -9999 -9999 -9999 -9999 -9999 -9999 -9999 -9999 -9999 -9999 -9999 -9999 0.003598758 0.01419763 0.01312782 0.01169629 0.0006399781 0.0006903377 0.0006871667 0.0006903329 0.0006903317 0.001374745 0.002008419 0.01046051 0.03396965 0.04104362 0.04104362 0.04104362 0.04104362 0.02196643 0.01304713 0.01311179 0.01311179 0.01311179 0.01311179 0.01185261 0.00943725 0.008330949 -1e+008 -1e+008 -1e+008 -1e+008 -1e+008 -1e+008 -1e+008 -1e+008 -1e+008 -1e+008 -1e+008 -1e+008 -1e+008 -1e+008 -1e+008 0.03287676 0.03287676 0.03287676 0.03287676 0.02361539
-9999 -9999 -9999 -9999 -9999 -9999 -9999 -9999 -9999 -9999 -9999 -9999 -9999 -9999 -9999 -9999 -9999 -9999 -9999 -9999 -9999 -9999 -9999 0.0007658514 0.01506699 0.01407449 0.01698079 0.01078573 0.0006900664 0.0006953613 0.0006953613 0.0006943884 0.0007936745 0.001539959 0.002051461 0.002051461 0.002769508 0.02045324 0.03999715 0.04134629 0.04134629 0.02291954 0.0132085 0.0132085 0.0132085 0.0132085 0.0132085 0.01300701 0.01133747 0.008936018 0.008688345 -1e+008 -1e+008 -1e+008 -1e+008 -1e+008 -1e+008 -1e+008 -1e+008 -1e+008 -1e+008 -1e+008 -1e+008 -1e+008 -1e+008 0.03311916 0.03311916 0.03311916 0.03311883 0.02066095
-9999 -9999 -9999 -9999 -9999 -9999 -9999 -9999 -9999 -9999 -9999 -9999 -9999 -9999 -9999 -9999 -9999 -9999 -9999 -9999 -9999 -9999 -9999 0.005424491 0.01118775 0.001123103 0.001949863 0.0778084 0.0007005523 0.0007005009 0.0007431523 0.000903443 0.0009299645 0.001344382 0.002468458 0.002066754 0.002066754 0.002066754 0.007841404 0.0321774 0.04165459 0.02689896 0.01330698 0.01330698 0.01330698 0.01330698 0.0128269 0.01314652 0.01314355 0.01054015 0.007598065 0.0002117639 0.0001980873 -1e+008 -1e+008 0.001360785 0.001479826 -1e+008 -1e+008 -1e+008 -1e+008 -1e+008 -1e+008 -1e+008 -1e+008 0.03329984 0.03328108 0.03326552 0.03234471 0.01978834
-9999 -9999 -9999 -9999 -9999 -9999 -9999 -9999 -9999 -9999 -9999 -9999 -9999 -9999 -9999 -9999 -9999 -9999 -9999 -9999 -9999 -9999 0.0003210232 0.03787892 0.03030682 0.02334833 0.009263623 0.00731625 0.0007695411 0.0008498455 0.000937381 0.0009365587 0.00107319 0.001742837 0.001604932 0.002081414 0.002081414 0.002081414 0.002081414 0.003050266 0.02063171 0.03975791 0.01745531 0.01340137 0.01340137 0.01340137 0.01310747 0.01270524 0.009526905 0.005458377 0.005121579 0.0001955173 0.000199493 0.000199493 0.000199493 0.001105309 0.00149041 0.00149041 0.00149041 -1e+008 -1e+008 -1e+008 -1e+008 -1e+008 -1e+008 0.004629765 0.004629716 0.004629716 0.004629716 0.004629727
-9999 -9999 -9999 -9999 -9999 -9999 -9999 -9999 -9999 -9999 -9999 -9999 -9999 -9999 -9999 -9999 -9999 -9999 -9999 -9999 -9999 -9999 0.0009194363 0.05487359 0.03711695 0.01105754 0.02364966 0.007314978 0.0009453713 0.0009442872 0.0009428768 0.0009428768 0.001529464 0.001866564 0.001091689 0.002604698 0.002095433 0.002095452 0.002747273 0.00217954 0.002029445 0.01777242 0.01767886 0.01349164 0.01349164 0.01349164 0.0123172 0.006534889 0.005223761 0.004987489 0.005220851 0.0002032041 0.0002008331 0.0002008331 0.0002008331 0.0004922724 0.001500449 0.001500449 0.001500449 0.001500449 0.001500449 -1e+008 -1e+008 -1e+008 -1e+008 0.004974118 0.004773353 0.0046609 0.0046609 0.0046609
